100 100
5 33 16 3 5 39 90 37 51 8 3 82 46 15 25 45 88 12 95 99 75 49 33 0 73 11 73 43 60 34 40 65 67 22 68 39 61 24 42 11 99 45 59 10 27 84 55 81 62 16 46 2 31 79 69 4 90 42 13 50 76 53 81 8 75 49 13 2 39 56 13 3 67 73 13 60 22 68 7 85 50 53 87 82 31 56 52 21 64 65 71 39 18 51 13 59 66 27 61 71 
49 41 74 15 13 87 42 1 21 49 86 71 1 39 18 32 61 36 53 24 1 90 29 86 7 8 44 73 35 72 10 50 12 84 66 92 37 7 93 58 22 45 95 23 50 80 55 10 15 75 0 16 64 96 1 71 3 12 10 5 84 20 55 62 3 87 53 40 60 45 64 82 56 25 4 5 4 26 82 19 0 82 2 64 77 70 35 47 82 45 52 31 31 6 93 0 60 11 7 19 
57 71 1 79 96 72 85 66 98 66 52 98 14 54 62 57 23 63 3 72 74 55 69 4 28 62 4 54 73 78 73 96 49 40 75 10 12 25 43 76 57 95 40 71 48 68 28 37 30 98 75 70 19 44 40 13 5 44 67 44 22 39 6 37 46 47 13 24 38 56 100 95 50 5 32 64 73 60 68 2 23 42 72 42 86 11 55 57 22 88 68 10 94 74 13 39 87 93 63 24 
49 28 18 65 34 50 96 6 76 63 76 100 71 13 7 57 92 29 80 80 16 13 56 9 53 35 14 39 27 43 63 76 38 82 7 72 98 2 44 40 65 86 39 35 66 12 58 57 7 4 2 24 17 58 100 71 93 81 9 19 23 39 62 61 87 69 99 84 37 9 23 1 95 28 2 60 7 27 83 14 98 85 4 14 8 4 51 0 85 27 87 74 66 14 35 52 49 33 1 86 
42 92 53 3 86 21 29 93 48 12 74 45 97 78 26 5 48 77 72 99 3 24 73 35 38 74 87 87 6 55 38 15 46 91 85 31 12 13 91 60 25 64 72 89 41 98 60 90 40 31 54 44 22 26 79 60 100 32 13 73 87 51 54 99 8 38 96 20 17 86 46 43 15 17 98 23 81 57 79 21 54 32 65 76 25 9 2 24 7 82 63 60 99 83 58 6 87 20 26 4 
72 73 13 88 56 10 10 37 67 89 58 87 87 89 63 11 98 31 36 72 12 65 31 10 48 56 84 34 76 9 4 47 48 17 0 4 27 10 41 60 65 65 13 52 53 76 63 16 73 65 88 85 97 19 61 44 75 10 44 16 20 49 63 34 66 64 38 60 40 45 86 72 76 99 23 28 40 52 11 12 84 99 63 80 84 91 23 24 0 33 40 87 82 70 21 14 100 25 40 39 
71 92 77 12 91 100 41 97 18 52 76 1 16 38 47 0 95 70 91 62 69 31 48 17 0 35 31 100 61 37 4 98 28 82 9 85 47 16 82 31 68 57 32 51 61 45 51 22 81 41 84 50 38 31 67 4 67 64 3 94 0 75 91 28 22 66 13 69 83 61 67 16 84 65 67 44 10 84 66 91 92 49 40 29 47 6 34 80 70 3 73 36 44 29 65 66 95 44 1 77 
71 68 60 54 32 26 64 42 10 30 33 1 45 39 30 58 46 30 37 82 0 76 18 44 71 49 10 66 59 11 8 29 45 68 49 77 61 12 86 71 42 85 72 54 23 68 11 35 65 49 17 65 91 1 8 62 16 18 94 75 96 68 70 6 36 18 50 97 97 35 33 5 19 71 59 42 38 70 44 2 85 61 33 42 28 42 3 10 26 63 51 89 30 20 95 32 4 44 95 67 
45 27 72 64 98 30 73 2 67 16 71 17 43 4 59 37 12 28 47 38 91 98 93 88 84 88 19 54 98 14 20 43 41 93 73 5 89 11 7 55 94 78 39 2 48 98 39 60 93 86 65 49 49 57 36 32 10 56 86 8 70 73 17 77 65 56 82 53 34 55 75 27 33 13 30 47 77 69 7 35 21 72 85 36 95 20 69 5 76 20 80 11 59 63 89 90 18 36 43 52 
92 84 46 91 63 76 37 39 10 10 75 98 48 25 34 43 45 69 48 88 55 94 65 81 56 19 70 74 56 12 93 13 62 4 3 24 46 6 30 56 17 71 20 31 96 20 74 6 55 88 94 9 81 59 90 36 78 60 77 100 38 35 12 67 39 82 91 85 89 87 6 72 57 93 2 18 12 43 25 67 30 18 43 78 43 99 13 88 24 56 53 29 91 66 96 29 47 52 80 1 
39 87 73 62 45 76 81 58 85 5 91 14 90 33 92 100 99 72 87 22 27 39 51 18 71 46 13 85 99 60 86 3 12 59 65 57 0 45 14 85 16 72 65 6 4 23 5 2 95 58 92 88 97 42 5 68 55 86 18 53 45 3 22 57 62 87 13 28 99 95 79 14 66 44 87 36 67 92 5 27 49 97 14 12 4 87 46 59 38 64 78 83 67 100 5 96 53 85 90 51 
79 69 65 10 79 52 13 45 9 18 38 25 81 52 37 51 4 83 10 42 12 54 24 45 54 96 40 6 81 97 23 25 65 54 36 43 72 15 54 82 33 58 6 80 9 9 30 81 58 6 22 70 61 13 14 81 8 21 53 89 17 76 81 48 29 16 91 1 31 10 49 30 68 55 76 43 64 72 23 21 79 46 57 5 25 37 86 33 58 38 89 41 80 69 89 75 51 45 42 48 
55 91 78 89 11 19 32 41 91 21 28 69 33 51 74 58 89 25 58 46 29 12 88 75 81 42 50 98 88 58 45 42 15 89 98 26 7 96 34 98 16 62 33 16 13 73 40 68 65 98 13 94 9 67 35 56 9 85 53 97 8 98 4 23 52 1 50 59 97 50 23 80 11 22 62 91 95 1 58 25 66 38 19 41 71 54 98 46 4 16 8 12 81 13 36 32 81 52 92 44 
1 81 90 79 2 51 36 63 52 60 89 17 98 7 59 35 27 22 81 98 38 90 76 18 69 78 51 15 29 8 25 97 89 14 42 91 65 78 53 17 37 41 0 1 14 25 36 7 13 83 71 18 38 47 36 73 24 53 89 20 27 13 16 15 95 24 72 59 1 25 42 5 32 9 73 13 34 75 20 14 57 92 32 62 4 34 34 28 88 89 48 14 69 31 97 63 55 68 88 23 
59 30 95 92 5 67 71 39 41 91 19 64 48 51 25 52 86 26 47 39 14 95 53 49 92 15 78 13 84 66 36 42 62 97 100 67 63 70 72 70 27 92 33 41 42 25 94 94 17 6 32 98 67 52 47 59 67 24 38 50 56 74 59 17 36 24 84 99 61 56 34 88 13 33 28 55 58 88 49 75 60 47 73 27 99 86 86 66 76 23 82 32 63 40 49 65 31 100 63 92 
55 63 45 34 96 39 89 20 94 3 61 53 51 33 80 49 85 31 14 61 20 63 93 49 2 7 13 100 6 42 91 27 4 35 61 67 75 16 87 34 86 47 87 36 47 67 52 31 64 32 58 85 95 50 100 64 24 13 63 97 55 54 24 26 55 51 93 96 33 79 29 19 92 83 55 38 15 73 70 79 5 27 29 100 44 29 63 68 8 93 30 29 46 20 55 67 72 13 29 71 
58 24 90 50 6 11 88 21 84 23 0 55 51 96 55 61 24 84 95 32 76 24 62 88 45 83 55 83 97 50 53 20 74 43 70 81 54 58 1 3 81 68 59 98 64 80 58 54 63 18 53 5 43 81 93 54 63 13 36 25 63 89 46 37 98 15 17 17 39 85 21 87 19 46 84 49 25 8 2 54 26 21 59 35 1 18 89 65 31 24 56 61 80 68 98 77 84 81 61 89 
31 82 75 50 94 25 99 18 100 68 38 92 89 64 94 91 82 82 21 12 73 43 73 18 11 36 95 61 83 55 49 14 2 91 64 62 82 29 46 81 97 85 72 85 48 65 41 29 13 28 7 52 72 47 70 83 49 30 43 32 52 58 46 20 48 76 83 29 4 28 76 67 12 14 18 26 45 25 21 58 54 29 76 25 42 45 74 91 76 83 22 94 40 68 13 55 10 96 50 81 
91 26 48 69 40 32 96 51 57 16 9 10 11 51 1 53 97 75 44 38 57 66 98 64 0 10 18 77 73 68 57 63 94 71 31 100 2 26 51 60 9 26 36 20 77 38 40 39 79 84 43 36 15 40 66 82 17 84 58 90 51 82 52 11 52 49 10 21 42 27 47 51 53 83 37 97 87 77 35 66 26 45 68 42 85 33 90 1 83 14 57 33 96 8 10 13 24 88 34 66 
14 47 83 34 30 86 30 83 63 31 14 55 76 48 63 27 81 53 95 29 67 52 63 28 26 39 7 50 26 8 82 41 55 30 75 85 16 71 34 79 68 48 33 44 97 97 37 43 15 98 73 48 49 1 42 76 40 49 92 67 57 40 74 12 70 48 63 86 85 97 30 52 45 30 62 7 93 99 50 7 97 22 21 11 23 63 53 64 11 11 97 35 51 70 13 87 84 76 73 68 
39 69 19 50 99 48 57 57 46 6 64 8 29 85 87 18 13 39 48 25 16 44 26 67 80 39 54 63 14 93 97 19 61 83 69 26 30 25 83 42 32 13 17 27 64 3 45 78 8 94 69 25 3 95 58 50 33 78 12 13 36 76 33 98 58 1 90 54 27 38 96 25 51 12 52 15 82 97 59 57 56 27 82 26 88 5 76 87 84 54 100 19 29 99 83 53 67 38 6 60 
77 2 85 27 81 36 8 29 99 67 86 21 60 33 47 13 38 22 100 88 76 66 74 5 30 56 24 97 95 31 56 37 100 6 64 80 42 39 75 7 72 60 28 99 93 75 11 98 63 78 85 38 9 58 9 39 81 34 36 41 65 58 78 30 65 7 76 73 46 51 80 85 10 74 83 70 48 60 67 77 37 17 15 46 76 24 52 56 24 54 63 55 11 40 85 42 13 61 15 26 
11 61 10 88 35 59 23 49 18 90 26 56 7 7 68 49 98 19 71 22 73 33 43 51 73 28 59 86 55 74 11 32 1 88 19 2 46 43 17 65 99 9 87 72 16 54 20 14 40 91 2 79 23 11 96 62 39 55 48 60 95 25 92 96 13 78 64 59 87 82 90 85 91 76 57 74 97 43 54 36 34 56 81 23 67 77 86 73 31 33 99 25 24 91 88 37 68 51 63 20 
32 52 71 90 28 27 63 91 37 16 26 71 38 6 94 71 83 45 9 13 44 8 5 69 65 93 72 99 43 34 18 42 53 89 31 47 83 60 37 19 42 29 56 46 35 15 83 85 61 93 64 4 0 69 73 31 27 11 29 71 11 47 12 64 35 9 77 17 35 13 2 43 42 58 89 44 74 71 95 0 29 58 4 96 94 44 26 20 21 55 57 32 1 35 63 3 10 39 87 45 
19 90 54 27 13 42 37 53 80 31 53 8 56 24 71 15 34 97 35 55 18 59 53 19 94 15 89 4 21 76 15 6 31 70 33 44 78 37 64 57 68 83 32 90 73 69 4 6 65 40 27 83 65 47 69 58 28 57 28 15 99 44 21 29 80 21 40 57 58 3 81 92 52 79 82 25 47 86 98 78 92 25 27 56 38 62 81 66 18 8 82 17 18 69 12 98 90 52 21 13 
21 68 5 74 46 53 65 59 38 62 2 97 53 29 18 91 57 99 57 76 74 4 59 92 73 37 56 29 56 43 42 43 10 47 83 22 100 47 47 4 9 49 67 28 45 85 19 1 84 42 43 23 46 68 81 85 5 36 13 61 79 56 3 55 69 53 77 35 100 90 5 75 39 72 3 50 56 22 17 5 30 27 28 76 95 76 26 66 11 40 93 57 62 63 78 30 15 21 31 14 
10 36 90 15 7 93 65 30 81 49 35 10 76 30 52 36 5 78 2 83 84 95 5 45 57 84 42 72 4 73 87 81 76 42 97 83 34 27 79 81 76 81 91 17 10 42 54 82 86 56 30 70 16 36 81 74 86 89 11 56 28 64 36 3 5 32 52 5 60 31 86 1 11 76 19 88 84 39 35 36 61 65 72 77 0 52 16 52 7 28 7 35 92 44 4 98 76 56 2 35 
53 55 3 30 97 22 17 81 61 18 83 21 84 54 64 50 72 81 2 79 8 9 80 100 53 84 63 29 6 32 30 59 87 33 56 83 21 39 29 48 58 11 35 41 65 100 91 3 80 93 82 54 69 28 19 21 11 83 16 17 81 13 43 67 46 99 15 34 3 45 82 61 22 17 1 54 16 59 57 62 17 4 82 86 32 0 74 44 49 90 27 29 2 36 96 15 34 11 49 38 
22 30 65 44 13 33 98 96 92 54 57 75 25 4 27 57 5 0 67 54 90 61 84 59 97 45 74 98 56 22 1 44 18 66 89 99 99 86 94 56 6 17 31 31 21 24 54 26 24 21 47 13 82 30 38 44 41 11 41 98 100 42 41 85 8 96 83 73 48 76 96 54 59 93 51 81 16 71 73 40 92 19 19 39 15 58 50 57 69 91 20 35 33 27 19 7 23 1 46 71 
43 41 91 2 100 7 49 15 78 88 55 36 7 41 41 89 99 91 11 33 82 31 68 81 25 53 54 48 54 66 85 64 74 41 32 73 48 47 89 25 34 9 27 41 50 69 97 14 59 7 48 40 5 82 87 30 35 6 44 55 73 95 85 46 35 16 85 49 63 73 74 98 49 1 4 65 36 67 80 95 41 94 1 46 41 54 42 42 61 52 64 33 46 48 45 47 31 29 96 60 
69 35 57 84 2 28 48 38 61 94 33 1 87 0 13 95 54 55 36 14 73 100 13 85 14 58 31 45 54 26 4 89 28 28 72 30 22 19 69 83 13 68 51 66 68 64 60 21 86 63 36 58 28 49 43 42 74 40 53 94 33 24 82 61 18 53 57 40 72 25 89 51 59 39 17 26 3 43 14 55 72 16 79 0 31 21 8 4 28 28 64 61 52 45 88 70 98 44 76 36 
36 64 53 95 3 70 88 73 80 68 94 17 84 72 84 14 60 93 86 88 87 49 14 4 61 1 74 24 45 15 60 47 79 13 8 48 49 96 87 95 29 80 12 12 52 96 93 11 54 44 65 40 60 79 10 20 46 50 44 57 65 71 4 44 50 12 58 65 74 11 26 2 91 38 81 8 100 73 86 54 17 50 60 43 95 71 63 40 20 73 64 52 9 68 62 25 46 19 57 19 
30 83 21 88 20 68 96 86 40 82 5 23 98 66 66 59 2 95 65 89 34 28 6 9 62 68 35 7 54 58 26 84 40 13 37 26 81 33 11 88 81 17 77 44 49 9 69 17 3 34 72 3 28 79 13 91 46 14 64 100 72 57 50 78 36 87 3 17 86 14 71 32 98 47 43 46 56 11 63 26 11 35 96 6 80 75 97 25 55 26 92 26 83 7 70 19 94 73 2 46 
54 39 44 51 52 87 64 75 65 26 0 76 27 62 82 73 37 44 65 92 37 56 85 19 63 54 4 22 94 6 34 47 45 79 64 64 31 27 38 96 20 4 38 13 66 86 87 2 30 51 61 67 73 45 52 1 99 57 90 58 29 24 4 41 69 69 4 66 96 42 62 15 46 66 29 11 51 82 81 47 32 41 13 4 52 32 72 50 89 61 75 84 51 79 24 86 13 28 52 9 
36 80 91 48 45 86 60 96 33 6 43 65 13 22 35 65 20 73 81 75 34 55 59 85 34 49 37 47 44 89 22 80 68 80 28 79 31 54 40 65 26 49 96 39 72 98 3 92 70 84 33 3 39 92 55 39 40 92 52 84 46 41 30 80 20 58 58 17 78 98 82 3 47 44 42 85 41 11 42 77 95 75 81 100 32 1 38 73 59 91 22 4 31 18 84 17 42 7 34 19 
71 83 89 84 93 97 68 33 7 77 9 2 17 56 68 50 23 6 89 82 63 10 52 60 29 1 77 71 75 77 57 46 25 45 29 17 42 64 16 49 40 93 17 57 14 52 73 38 58 61 86 87 38 4 46 33 5 89 3 81 31 26 93 23 38 88 40 80 51 23 95 57 82 79 81 62 30 53 100 54 14 52 40 52 56 52 85 27 6 54 74 3 47 66 26 85 54 33 30 71 
56 24 28 3 69 8 65 99 27 31 18 41 83 24 59 4 76 9 98 48 30 72 52 77 3 78 27 23 10 57 95 32 47 22 1 16 97 67 81 23 98 100 31 46 23 56 16 66 32 13 80 62 51 31 4 55 76 31 78 86 88 38 85 34 26 86 16 22 18 98 12 82 97 9 94 86 65 9 17 97 90 98 24 6 28 28 27 3 59 72 56 12 9 6 13 36 58 29 24 77 
26 36 58 89 45 18 41 77 27 58 39 83 55 64 90 50 58 83 19 84 54 75 96 64 47 75 66 5 4 90 48 97 26 72 86 37 90 93 80 84 50 19 66 72 49 21 21 6 4 6 90 24 48 52 88 95 26 19 66 97 9 13 94 1 86 45 4 41 37 85 24 87 70 57 24 18 44 45 91 14 52 47 39 100 65 93 60 91 12 26 54 21 39 47 22 91 92 26 32 95 
77 22 47 46 79 72 30 90 83 21 3 0 34 42 66 99 35 26 55 47 18 8 34 57 55 22 14 12 14 12 6 58 0 54 3 46 92 0 35 74 21 38 75 21 47 40 19 82 32 74 95 50 49 95 74 70 83 88 83 97 66 55 54 66 75 24 78 66 24 12 6 11 17 81 32 64 87 17 45 19 91 5 35 39 66 8 9 48 62 58 44 27 79 65 60 20 89 37 52 79 
16 58 90 33 4 88 97 92 4 7 77 61 79 11 67 44 20 42 92 48 100 1 42 44 66 1 64 20 4 16 65 87 74 54 19 45 7 82 2 11 55 79 39 33 56 5 77 42 47 68 91 12 36 32 56 1 100 20 89 70 2 53 57 42 74 42 87 81 91 89 59 45 33 98 79 56 69 21 98 15 56 88 94 92 86 49 59 85 35 47 55 3 67 78 46 40 86 99 87 76 
54 11 21 87 75 100 42 43 20 6 24 76 94 17 33 46 67 93 30 68 39 51 72 5 95 17 11 81 82 99 56 35 76 77 22 51 42 30 94 29 36 85 71 97 1 4 42 34 97 38 2 35 90 40 7 50 57 18 30 38 83 87 74 59 29 62 9 72 92 69 0 95 53 37 91 21 41 32 55 37 70 23 39 25 63 12 76 86 30 5 91 80 58 30 4 88 92 80 25 49 
48 92 43 68 28 100 55 70 31 76 73 68 100 78 93 28 90 34 14 87 6 71 66 64 0 70 17 58 15 8 73 29 100 83 63 95 82 17 64 80 94 2 47 59 81 5 87 70 40 67 56 12 3 88 42 3 23 60 27 38 68 0 68 34 83 97 28 64 14 58 43 74 26 56 32 6 28 85 43 34 18 65 46 21 53 88 92 42 13 18 47 48 85 81 82 67 77 76 98 91 
100 6 30 25 29 28 32 57 80 41 91 98 5 36 85 24 90 42 67 3 27 13 51 11 94 99 45 36 40 8 27 39 81 57 64 9 52 62 66 31 2 22 95 8 24 79 99 14 88 65 17 14 44 34 92 3 99 2 40 38 10 33 77 92 56 6 67 7 69 100 38 37 21 32 11 46 78 10 26 65 75 43 45 86 43 2 89 41 5 28 79 15 61 55 73 17 27 6 24 96 
5 29 33 93 61 44 4 4 20 30 35 96 39 80 47 82 83 35 22 88 30 0 69 91 21 8 74 49 14 99 10 19 94 9 78 54 20 83 59 40 79 94 1 18 40 48 100 89 84 22 76 13 89 10 70 77 18 44 92 32 8 68 17 1 78 96 21 64 44 46 3 22 6 5 6 46 19 6 0 69 95 76 48 49 52 18 92 71 28 49 69 2 17 87 3 61 48 91 24 58 
37 94 80 9 65 53 21 85 59 21 53 19 63 68 68 14 52 26 85 80 75 54 82 92 6 51 18 20 7 42 78 10 36 23 19 0 76 40 51 34 61 71 19 23 38 54 38 90 80 89 35 54 8 83 12 81 100 30 0 6 73 78 17 75 1 36 41 77 43 93 78 3 63 97 94 0 50 98 56 96 52 91 50 61 73 62 7 72 92 8 44 30 86 61 4 53 64 12 97 6 
4 74 76 67 36 35 33 53 32 55 48 51 45 64 78 84 25 85 21 84 93 65 80 45 93 51 64 22 63 60 95 67 100 36 100 2 72 99 21 70 53 69 20 64 100 98 13 91 83 0 74 41 31 20 52 90 71 16 11 100 42 5 32 8 42 98 10 80 96 31 49 14 66 36 44 65 100 23 56 48 23 96 90 20 15 7 10 52 90 21 51 32 94 49 40 35 46 16 81 41 
13 96 21 79 31 31 10 31 54 32 79 43 27 34 64 9 42 40 27 31 61 45 29 20 94 35 21 40 51 1 47 64 98 35 9 28 66 19 25 87 51 71 29 44 4 59 19 12 99 47 10 26 58 39 46 51 75 68 57 92 69 71 56 32 5 65 61 37 50 52 23 67 22 53 10 94 11 97 5 77 9 15 2 67 21 14 84 62 82 7 53 17 78 75 49 49 39 76 86 55 
28 9 21 16 62 99 9 39 95 15 82 3 97 84 36 84 65 19 45 46 26 99 29 70 73 45 18 79 20 4 100 14 13 21 31 75 86 40 80 80 21 62 49 85 11 85 68 76 70 13 89 97 78 84 32 16 28 51 61 15 55 61 29 68 82 26 8 67 33 88 12 20 15 27 4 27 11 73 69 47 52 57 9 29 41 42 45 35 93 6 50 47 67 80 81 14 72 89 47 4 
42 25 25 24 52 29 17 29 68 86 76 19 9 52 14 16 94 60 51 86 32 1 99 65 47 79 45 18 33 92 90 41 16 14 65 34 9 82 29 44 34 4 63 43 22 78 59 15 3 76 67 35 77 31 66 90 76 10 75 8 1 64 16 84 44 47 84 53 96 12 63 29 83 26 38 5 70 63 87 39 38 54 74 82 85 5 71 61 15 45 35 83 75 51 32 18 65 82 38 60 
94 0 89 42 93 26 47 28 89 34 67 93 54 6 74 38 11 11 65 93 22 0 75 98 17 73 82 82 54 19 41 47 87 96 90 45 88 2 74 76 2 40 69 56 47 8 61 24 19 92 17 42 92 92 39 76 65 87 23 85 73 65 32 59 26 88 70 14 56 43 90 59 50 24 81 97 100 41 20 18 33 3 60 91 96 65 32 26 52 56 10 24 87 8 49 12 96 18 26 18 
62 83 77 11 73 57 74 72 65 60 91 64 64 16 20 25 82 53 51 100 8 27 23 95 2 72 73 64 56 100 82 84 82 58 95 54 82 34 93 12 61 83 76 24 99 62 15 46 14 32 45 89 59 68 49 61 5 22 25 62 88 6 45 69 31 6 89 79 6 81 91 67 29 32 57 95 94 72 40 8 3 86 63 29 19 12 56 92 0 81 19 88 54 30 22 51 2 77 29 9 
58 86 42 53 17 66 47 10 37 88 85 7 39 48 36 24 26 92 15 26 39 34 80 59 65 1 76 67 78 71 42 1 56 51 55 73 16 68 49 53 21 34 26 60 48 62 85 74 20 66 66 25 0 45 50 31 12 92 64 56 62 6 58 17 57 79 56 73 46 71 92 34 4 18 60 52 46 10 92 32 77 23 57 43 34 73 74 46 64 37 2 25 9 26 8 32 4 30 71 16 
1 63 50 72 47 10 91 93 20 48 92 63 72 48 5 5 88 79 52 51 83 20 43 92 46 17 91 16 14 61 32 82 90 49 53 36 25 43 96 45 92 87 75 29 0 80 34 88 59 52 5 41 72 48 99 84 31 89 100 45 50 32 26 5 47 46 42 72 55 37 83 12 90 57 41 90 37 76 78 62 27 83 69 66 97 67 49 94 22 49 5 38 47 98 43 94 43 85 31 99 
88 13 77 77 37 18 67 40 60 10 1 53 59 70 18 21 2 34 14 24 83 19 28 96 17 72 55 26 22 86 24 77 65 1 19 68 86 52 7 45 62 8 64 87 44 83 7 47 16 22 37 65 7 66 26 91 3 81 17 25 32 7 68 97 75 88 65 60 39 38 71 68 13 35 54 57 84 62 3 66 50 7 97 23 73 22 14 76 2 98 67 34 4 1 97 80 89 27 5 94 
66 43 27 79 78 82 1 27 9 5 93 25 79 89 48 51 77 62 93 79 59 25 79 30 93 75 76 47 2 81 41 34 23 68 79 67 15 80 60 24 51 52 49 29 6 98 46 83 25 4 27 51 97 5 47 89 47 22 36 15 2 77 49 93 10 94 25 26 73 86 16 24 3 32 19 77 96 66 25 87 70 53 37 66 24 84 21 71 72 57 52 41 100 0 33 9 94 24 1 33 
9 18 23 13 16 42 90 11 74 14 98 10 33 1 42 24 51 63 95 23 19 47 64 18 13 63 95 74 87 96 6 97 80 29 76 96 37 31 6 11 11 71 21 45 72 63 69 22 93 29 45 11 42 75 97 22 37 91 96 24 52 68 20 32 63 62 94 100 93 67 10 3 37 98 48 75 27 83 97 19 79 8 97 20 49 93 42 87 83 3 10 35 71 97 33 100 58 93 100 50 
59 76 19 62 74 68 36 67 16 100 86 95 74 82 82 22 41 23 8 90 94 85 91 30 81 23 30 4 83 29 20 41 71 40 3 10 74 5 77 90 4 28 51 78 77 32 67 17 21 75 73 14 60 64 45 6 53 41 78 35 36 98 77 6 3 46 84 77 51 60 67 22 55 17 66 31 49 32 14 36 7 87 51 33 50 62 5 3 2 49 4 4 47 81 77 50 93 60 94 10 
20 60 32 41 43 98 72 58 30 52 94 3 38 10 2 55 72 7 24 40 23 28 10 70 76 88 86 34 47 79 44 33 4 76 74 13 40 45 37 36 63 31 39 1 7 7 22 80 81 12 86 3 6 97 73 82 50 25 83 97 70 26 30 41 69 3 54 8 15 92 10 78 89 49 45 96 56 33 41 36 45 94 6 52 56 45 100 5 70 82 68 6 75 98 47 43 68 67 17 83 
58 27 26 12 42 38 75 98 71 15 100 16 75 72 34 30 17 100 35 87 82 70 93 56 67 5 65 0 73 82 49 97 8 76 9 50 13 84 13 50 65 79 32 40 51 66 70 68 32 72 20 13 41 80 35 74 85 100 75 57 47 23 20 55 65 29 71 44 79 84 95 43 28 26 83 79 59 19 12 91 57 33 70 98 12 4 37 97 70 11 20 16 1 6 37 66 35 7 10 80 
57 71 22 85 97 72 64 21 57 76 78 13 75 47 77 87 17 13 50 53 25 36 35 93 42 72 58 43 79 34 22 1 4 44 87 68 82 16 55 38 58 33 51 33 46 27 19 64 41 35 83 32 71 18 24 12 90 48 55 35 49 43 36 53 54 89 87 35 4 42 40 63 41 91 96 87 85 81 16 92 16 66 90 87 84 80 66 39 27 87 40 42 30 43 96 84 31 48 85 2 
56 24 65 97 82 26 50 66 6 32 23 89 98 12 42 81 92 7 87 85 60 26 27 56 69 89 5 67 2 91 69 59 81 100 21 62 25 37 27 98 70 16 87 67 28 28 14 86 1 0 37 61 93 30 84 28 85 89 61 87 45 29 11 26 28 33 88 19 70 82 16 5 98 69 73 93 97 53 44 64 19 81 92 78 10 75 5 95 29 66 48 75 61 59 67 55 58 20 74 28 
1 57 100 66 25 38 24 89 91 68 52 76 15 9 54 25 84 25 87 13 58 34 54 18 93 20 74 51 40 13 45 8 70 44 40 62 83 64 16 39 98 34 15 12 44 35 4 94 60 91 6 17 24 26 2 16 12 42 33 19 55 78 27 92 89 33 19 71 63 35 76 60 35 57 39 79 92 43 73 18 33 45 1 23 38 3 39 50 11 39 69 67 16 62 24 4 95 43 41 23 
44 84 50 79 40 89 24 99 31 63 83 30 74 84 53 11 54 58 62 65 97 97 98 80 25 21 84 86 64 92 9 74 75 59 53 81 47 43 79 44 5 61 40 79 11 59 57 31 16 18 62 80 81 60 59 5 47 8 92 11 66 67 51 40 25 3 21 38 12 66 48 17 27 88 63 4 46 19 35 28 3 63 7 84 22 32 56 70 7 13 47 73 80 98 13 71 68 0 8 80 
66 22 64 59 9 26 29 21 45 64 15 48 94 90 98 15 21 19 51 28 32 64 1 78 62 81 14 96 47 89 75 12 10 4 38 86 30 67 6 41 98 22 89 91 11 53 72 99 72 23 94 71 87 61 14 14 41 29 9 54 17 51 32 95 55 70 80 52 3 87 93 67 75 48 57 52 0 95 50 38 17 43 75 71 3 90 51 10 85 27 64 68 78 97 62 99 32 8 50 35 
95 9 1 35 57 24 87 57 19 36 61 2 80 36 39 49 92 91 60 42 17 90 76 61 86 38 59 18 12 76 53 6 85 21 7 7 45 94 30 30 29 91 33 75 93 38 91 50 28 16 92 45 5 68 72 92 72 98 76 84 73 95 56 23 15 63 97 27 22 26 57 17 16 56 59 76 95 49 25 22 65 84 34 70 51 72 27 89 69 2 38 7 98 60 97 79 22 93 5 44 
18 63 61 1 85 86 77 79 34 68 68 99 51 68 35 68 39 62 56 8 31 60 15 28 19 79 6 7 71 79 17 90 41 45 57 92 30 33 71 65 0 4 29 18 72 64 86 77 93 42 51 90 1 33 84 88 11 90 95 82 68 12 37 75 57 60 33 87 93 3 17 60 74 47 44 11 77 29 88 35 71 39 24 39 72 7 93 49 64 87 30 98 65 34 73 21 94 72 75 53 
75 92 79 14 38 22 25 15 51 12 50 89 17 41 94 55 48 86 3 11 38 0 9 3 34 48 24 94 19 65 46 60 57 24 74 95 12 99 76 64 77 93 18 95 33 11 49 47 63 19 59 0 19 34 3 53 82 95 46 67 59 59 93 15 49 66 77 62 30 18 92 6 10 9 67 9 87 83 23 49 1 82 49 20 82 19 39 29 80 51 96 38 9 88 20 59 19 63 87 49 
81 78 21 58 53 55 33 39 37 56 88 38 3 2 24 85 21 29 80 0 80 75 5 56 28 92 81 13 54 67 28 0 10 16 58 63 71 58 1 7 13 89 11 84 57 1 34 79 30 14 45 9 55 16 31 84 7 11 63 27 78 92 28 54 7 52 16 44 76 17 51 56 72 28 39 29 29 73 74 59 87 85 34 8 1 66 58 75 43 20 69 88 78 63 41 51 14 58 95 57 
41 45 12 13 39 17 8 68 90 82 93 43 32 27 51 33 59 8 75 1 95 43 55 73 5 97 23 86 54 18 8 61 29 20 40 69 37 48 2 94 96 96 36 28 89 53 27 47 27 1 14 21 10 70 60 82 66 84 34 86 68 42 46 63 63 87 98 100 0 0 59 97 96 61 24 50 13 17 97 6 86 77 28 96 46 88 78 78 37 11 63 71 19 76 34 82 28 98 48 28 
64 6 91 25 34 81 75 47 99 71 20 84 48 48 45 60 1 89 38 5 66 67 42 86 42 42 67 36 40 81 31 3 54 21 29 88 69 3 0 67 41 20 16 89 34 61 48 2 50 52 7 15 19 49 0 61 92 34 64 98 14 95 0 34 15 96 21 84 100 22 16 40 42 32 95 77 60 8 79 76 61 52 57 80 67 24 6 58 58 70 21 38 64 22 73 46 84 94 29 83 
82 12 89 24 10 83 67 70 58 45 11 18 63 69 98 29 93 3 54 16 40 75 54 3 63 93 49 47 53 45 96 34 57 85 24 67 33 91 3 57 1 14 75 64 49 38 94 41 8 13 23 48 88 78 51 17 36 67 64 55 11 25 56 68 76 80 0 9 37 70 32 4 51 7 69 100 45 28 7 19 41 30 67 95 74 18 11 77 51 41 31 62 67 53 96 42 100 62 17 36 
32 50 40 49 23 75 14 34 69 21 54 9 18 20 71 92 4 82 34 55 23 66 16 56 85 78 98 84 40 15 19 38 31 26 87 54 67 0 88 36 89 41 11 6 28 82 64 32 30 99 54 19 30 36 75 14 14 38 99 20 53 84 58 50 76 10 3 9 77 58 45 65 65 22 37 93 71 1 92 0 66 11 19 96 47 60 76 27 98 40 13 17 91 71 67 32 47 37 41 24 
95 52 89 25 75 26 18 45 94 76 45 59 87 30 20 100 90 96 94 53 2 6 70 93 44 37 24 91 40 66 14 0 17 70 25 58 96 9 2 89 85 13 13 37 9 33 37 99 28 30 52 30 2 88 89 46 91 13 37 30 45 17 30 28 87 22 87 48 31 55 36 83 69 49 19 78 48 22 43 77 18 61 73 21 48 28 33 39 7 70 35 52 54 66 46 40 54 99 89 85 
54 91 67 89 6 53 66 54 41 75 97 60 1 36 47 16 64 80 21 71 16 56 89 70 88 0 76 41 100 30 93 53 88 59 41 60 78 73 80 19 14 43 45 15 79 92 31 8 71 18 45 53 75 33 89 62 100 65 70 99 61 62 17 48 87 24 74 65 64 54 50 78 97 95 59 41 52 57 49 89 75 94 42 49 93 30 78 92 61 47 57 22 75 74 70 61 65 44 92 28 
64 41 5 60 1 64 67 53 87 15 42 62 75 50 77 33 80 54 91 41 67 47 63 41 88 99 69 52 8 60 46 38 68 51 64 35 81 30 55 68 45 63 96 86 12 72 18 58 93 9 99 59 22 27 67 76 93 1 27 67 27 39 5 95 56 69 97 3 100 51 37 10 13 32 97 25 3 14 83 62 90 48 21 12 41 54 88 33 21 82 0 48 87 72 9 43 40 5 46 39 
56 83 16 69 14 12 60 84 93 8 46 49 56 33 61 64 53 14 97 74 62 63 88 49 34 97 92 41 1 3 80 23 86 62 58 66 74 17 49 33 93 61 82 14 94 8 78 12 22 41 86 51 3 74 66 38 36 57 79 38 60 24 27 11 53 86 77 26 69 25 25 61 87 6 42 46 14 19 59 3 60 10 54 30 50 19 34 87 42 79 91 68 69 17 45 21 69 21 48 38 
12 73 65 65 46 6 11 60 93 36 63 18 46 83 48 97 68 82 49 76 60 39 9 29 22 54 16 92 75 64 29 88 3 60 52 15 33 29 75 25 65 4 9 78 53 58 40 88 5 89 63 32 27 73 27 49 93 43 40 68 74 35 21 43 62 39 58 95 35 32 86 100 2 95 43 56 18 83 43 24 71 72 56 64 10 49 80 3 92 86 37 65 88 24 7 49 63 65 43 64 
64 95 30 66 89 73 88 7 56 97 98 93 69 19 23 79 68 69 48 25 54 51 91 41 75 64 56 4 96 65 68 59 59 98 91 48 37 45 21 59 41 18 51 76 3 40 21 37 8 69 62 29 20 52 36 61 83 93 31 78 57 100 2 16 63 93 30 100 3 51 58 45 35 76 20 4 82 7 41 91 77 2 19 63 21 21 90 3 13 21 47 37 20 49 19 49 7 49 49 11 
66 73 22 0 14 8 4 97 16 45 87 93 13 72 21 34 93 77 3 73 98 50 76 84 99 95 33 73 43 48 84 8 87 5 75 1 80 45 98 96 56 50 54 69 88 41 70 46 18 73 18 15 23 60 66 88 54 99 60 63 12 9 71 99 81 11 66 61 56 29 22 78 79 77 13 32 17 83 79 35 55 63 17 44 23 83 99 77 81 24 40 59 0 77 23 47 55 56 7 77 
85 30 55 30 73 68 62 90 16 6 92 71 70 8 82 93 91 46 35 37 36 41 96 36 85 85 84 39 40 57 82 25 53 36 21 25 70 49 15 86 56 6 23 25 81 71 84 71 16 85 7 52 26 69 55 10 53 38 15 94 61 97 85 14 100 72 39 69 20 20 21 76 93 10 67 73 81 50 43 63 35 16 81 27 85 35 3 4 39 85 98 0 81 48 14 46 19 19 15 39 
40 2 82 99 12 48 72 93 99 81 21 100 64 1 93 48 3 96 52 42 80 15 8 26 29 22 73 48 42 54 54 48 56 35 46 34 83 84 93 47 31 13 46 95 14 4 42 84 100 61 26 45 76 34 72 72 23 44 19 31 64 39 79 19 74 91 53 57 41 45 70 72 24 83 66 4 87 74 89 53 34 81 98 77 81 35 48 3 45 33 0 8 73 45 94 46 2 12 69 43 
57 39 14 47 21 80 52 74 53 40 26 54 20 24 30 67 25 44 37 71 77 37 79 49 83 39 62 85 51 97 94 75 35 7 21 22 87 73 97 5 79 89 25 65 79 21 32 4 65 69 75 8 72 19 23 54 58 85 4 76 82 98 50 83 71 37 5 23 10 68 96 55 56 20 20 35 42 18 5 6 87 80 14 24 65 4 79 90 89 49 65 36 13 81 19 50 17 91 74 94 
58 69 49 80 89 35 81 97 53 52 3 5 31 84 29 63 88 74 18 43 90 49 79 69 29 98 18 12 88 92 6 11 26 21 58 82 56 4 78 75 57 47 80 54 98 75 83 51 49 0 94 4 49 39 73 44 36 57 57 91 15 63 68 41 50 92 22 72 97 67 46 19 13 92 73 10 66 56 62 81 56 21 51 72 60 23 15 63 81 72 19 96 0 87 2 50 45 92 21 41 
58 33 60 71 24 99 48 57 20 76 37 43 97 89 14 23 78 29 52 24 68 71 86 68 23 89 85 68 80 72 8 37 5 34 74 96 100 88 52 19 63 56 62 26 44 42 15 88 72 67 12 5 37 98 39 60 52 90 95 98 62 2 0 33 3 75 28 69 28 81 88 92 2 16 84 12 58 99 100 96 65 78 67 68 42 6 94 94 96 88 92 23 57 58 56 26 32 85 95 27 
31 48 18 33 30 68 45 89 66 10 50 97 89 17 64 97 90 23 90 85 11 47 8 34 72 30 60 70 81 20 97 78 68 14 77 99 82 21 53 13 99 69 9 53 52 39 49 41 29 4 93 6 18 67 40 90 97 66 59 44 86 56 21 53 70 99 17 18 86 70 31 84 39 7 36 57 12 85 99 41 90 91 47 7 23 53 97 19 18 55 63 3 77 51 57 47 49 40 31 34 
10 28 18 15 1 20 38 14 72 36 21 61 93 35 34 15 88 97 1 6 17 30 9 95 81 32 7 29 73 4 64 49 32 48 30 34 68 68 14 5 71 35 66 63 70 66 45 58 28 46 30 12 42 5 6 23 38 80 52 77 84 82 92 15 96 88 15 30 21 96 35 92 31 68 21 67 33 66 91 28 78 20 40 19 26 12 8 30 92 61 73 75 8 64 56 4 17 38 34 38 
33 35 97 30 2 17 98 2 49 54 30 93 41 36 78 67 48 87 63 39 13 35 80 21 65 1 92 82 5 92 86 39 27 82 69 29 65 32 31 13 87 27 5 27 63 50 60 77 36 89 15 49 23 61 70 54 29 28 35 34 19 20 39 46 69 8 42 33 6 39 47 59 67 18 52 96 34 78 73 70 66 54 18 55 82 55 8 10 83 9 10 68 97 50 14 65 24 22 98 30 
61 10 56 94 96 74 90 29 52 28 66 17 82 84 39 63 38 47 39 87 23 50 55 19 100 35 50 23 57 47 19 84 24 41 78 86 15 33 81 67 61 46 50 42 30 89 72 34 2 10 88 25 60 42 10 25 43 60 14 66 73 34 49 97 41 26 48 56 59 29 89 86 75 39 28 71 94 100 72 62 9 59 87 36 67 63 61 9 22 42 75 96 42 23 58 83 16 73 39 41 
1 27 27 42 32 21 13 26 20 85 88 96 43 41 98 76 70 25 85 93 67 25 54 8 14 78 91 30 16 96 72 17 23 65 26 21 86 39 47 72 90 1 67 99 8 65 74 78 56 24 36 22 49 56 30 63 0 87 60 16 83 98 0 72 62 26 93 47 65 6 18 20 74 51 18 82 82 58 25 37 82 28 25 30 84 55 59 50 42 18 67 24 15 67 62 43 93 54 56 23 
60 40 43 33 92 27 81 39 85 6 43 66 34 68 62 84 90 87 34 31 72 67 21 53 33 83 97 92 2 52 14 63 59 23 62 16 16 43 55 0 15 98 32 15 32 60 65 21 46 65 18 17 31 39 71 64 88 67 55 90 85 35 18 43 24 47 59 40 56 81 6 37 44 38 52 76 98 83 63 10 48 81 27 79 19 98 9 73 30 30 29 82 66 13 91 56 60 50 63 15 
97 35 52 6 74 70 83 37 19 45 47 67 26 41 45 11 38 20 51 35 51 80 16 83 59 6 38 19 22 67 0 18 2 19 25 42 89 74 79 74 85 93 40 77 33 52 55 37 72 5 72 22 51 54 4 9 61 9 95 83 76 96 68 78 14 59 19 69 99 65 43 83 23 49 26 22 67 81 59 39 52 98 27 69 17 99 44 78 74 5 27 49 0 61 94 81 86 79 15 84 
9 24 32 32 74 58 20 6 4 80 11 22 43 39 57 60 3 1 4 77 73 98 92 73 24 51 19 9 97 0 93 5 25 91 4 65 15 24 71 86 70 83 8 79 88 65 5 91 32 9 33 71 73 91 9 97 42 28 5 38 29 64 9 20 20 13 85 35 4 55 21 74 3 96 53 91 26 58 47 25 33 46 96 5 37 5 68 45 33 73 49 28 2 58 48 22 38 32 24 42 
54 45 15 57 40 34 14 66 58 61 91 91 7 87 62 10 92 29 55 91 68 3 86 36 27 33 59 65 32 83 6 52 94 89 8 100 22 89 65 81 16 22 37 90 75 66 100 32 95 20 89 29 23 74 65 50 7 90 82 5 72 88 57 31 42 31 30 31 20 62 78 36 84 14 25 24 46 91 22 7 10 10 36 100 51 67 49 24 57 97 29 95 85 52 26 93 83 22 23 69 
84 0 71 33 82 96 57 27 52 45 0 62 56 36 61 73 70 77 97 26 73 25 87 23 77 79 16 25 1 5 95 85 73 65 18 20 27 41 13 79 87 14 7 8 16 34 81 86 10 77 78 50 68 65 73 44 43 55 35 10 61 29 96 33 61 13 53 88 20 32 32 6 46 39 14 63 74 95 48 50 37 26 100 4 57 73 14 100 94 50 77 54 79 72 53 5 51 72 93 71 
4 92 44 16 30 58 79 70 19 27 87 56 19 86 61 76 24 75 41 18 24 17 38 70 55 58 75 72 96 34 43 100 25 53 83 21 10 61 58 96 54 44 52 39 29 79 14 20 53 22 38 44 5 42 80 61 100 20 99 62 54 7 61 45 60 9 67 37 71 91 32 91 34 50 30 29 28 10 49 48 32 53 58 4 62 37 31 27 57 29 89 78 37 16 22 97 25 55 100 96 
45 32 53 45 48 83 75 43 93 90 91 92 9 48 96 71 51 93 98 74 21 87 51 58 2 40 21 27 95 87 90 6 18 42 17 33 91 92 76 49 48 66 40 57 80 1 27 97 94 91 70 15 77 88 39 45 27 26 39 88 13 95 60 98 2 78 30 93 35 5 41 83 37 48 5 83 49 99 79 43 90 15 24 32 2 63 44 29 56 83 16 35 43 77 32 45 20 29 37 55 
0 44 38 4 92 9 87 41 8 32 50 98 13 74 96 15 2 39 10 58 88 93 59 30 35 92 75 55 87 78 10 87 22 14 57 13 23 44 54 31 42 3 95 55 43 91 36 46 96 46 70 84 38 29 80 74 87 55 28 73 32 4 25 54 18 83 34 8 93 54 5 34 24 0 55 67 57 91 79 18 2 49 1 40 44 48 80 30 2 75 69 0 79 94 21 64 42 55 38 34 
75 43 34 99 43 89 32 66 45 10 85 47 25 52 54 69 100 100 99 68 74 67 69 19 27 90 49 69 10 87 3 85 29 3 50 39 59 82 71 3 92 55 17 17 74 37 52 39 36 51 7 77 84 76 62 10 31 10 46 41 63 15 92 92 18 41 97 77 22 68 47 81 89 30 64 62 67 15 1 69 32 8 11 83 50 73 59 81 49 4 88 11 86 45 70 4 87 32 47 75 
100 60 21 89 56 85 16 89 67 17 24 99 92 35 47 7 75 6 88 23 10 41 1 97 87 37 67 39 69 80 80 35 6 1 90 62 86 5 17 18 90 41 84 47 76 30 55 50 36 42 40 13 50 7 9 2 44 42 41 79 88 20 80 94 88 69 22 40 41 39 58 30 80 7 77 21 38 31 72 74 40 78 87 56 85 62 24 95 70 31 39 58 17 86 17 5 54 5 45 61 
10 2 91 90 77 34 78 14 31 49 54 37 93 7 59 43 35 83 3 5 13 8 29 31 94 12 36 48 18 47 8 95 15 66 85 92 66 28 5 63 43 60 67 35 33 25 44 68 8 47 73 88 55 68 18 49 81 20 63 65 67 37 25 83 69 76 74 0 3 46 64 46 5 30 81 38 21 24 5 29 37 45 84 93 79 1 7 25 89 36 56 55 39 82 3 8 57 78 8 61 
