100 100
26 71 71 23 72 34 1 60 70 40 8 57 39 33 23 0 35 62 33 38 6 56 5 37 98 72 94 16 71 87 40 98 23 11 87 61 45 54 20 81 61 28 37 100 28 60 66 63 88 65 0 95 87 72 98 85 44 57 67 81 9 7 78 32 85 30 94 96 85 13 77 45 8 13 10 36 40 77 65 27 41 31 88 95 2 52 79 12 8 11 94 18 18 37 16 69 68 9 65 52 
90 41 63 64 20 73 100 60 15 30 54 23 27 7 17 96 25 62 8 34 73 68 18 58 4 34 26 38 44 91 56 100 98 18 63 18 58 28 44 73 58 64 96 51 38 12 46 63 40 20 63 13 88 81 71 59 15 97 97 25 54 53 24 51 37 53 35 95 81 46 34 4 9 29 55 13 8 67 77 48 88 39 27 75 87 98 100 68 95 63 93 14 15 83 65 18 1 0 80 82 
46 13 52 21 8 6 35 83 73 78 31 26 83 58 1 69 22 67 36 83 29 95 97 44 43 61 29 44 27 8 25 39 88 43 61 96 49 62 79 89 39 76 14 88 100 82 23 21 49 59 3 78 20 100 89 63 27 84 7 54 92 99 60 79 42 20 40 57 48 18 11 53 94 93 40 94 74 63 81 89 89 85 67 8 50 21 37 77 4 10 98 62 76 57 40 17 43 80 40 91 
65 52 9 58 44 49 17 84 79 65 73 67 49 5 41 65 26 44 8 30 55 5 58 30 28 98 13 71 43 53 27 74 71 36 99 81 51 15 65 29 80 3 62 95 8 69 60 0 80 68 97 34 39 54 30 33 17 9 70 26 62 97 0 100 99 99 46 15 80 77 11 60 80 39 20 54 75 46 20 54 80 16 54 85 36 84 17 53 93 87 80 20 49 80 86 13 78 32 29 23 
8 6 49 55 45 70 75 19 82 96 39 62 11 93 46 48 42 30 67 0 16 46 21 32 92 73 45 35 71 40 59 80 46 7 0 58 43 75 43 25 70 83 53 48 75 99 96 84 95 28 84 11 75 71 9 32 44 20 68 14 61 93 60 73 100 60 97 9 35 40 34 71 22 87 18 63 51 80 46 46 8 30 23 49 67 32 81 10 52 14 92 79 6 51 18 73 78 14 82 79 
54 82 49 42 68 34 5 85 13 17 30 21 13 19 70 81 17 17 57 70 31 48 14 38 66 32 10 43 47 92 88 67 73 36 9 6 70 81 57 50 64 54 71 78 73 7 24 91 24 81 26 55 96 40 59 27 39 69 70 86 26 23 18 65 59 27 37 96 7 95 11 72 48 48 15 20 55 5 77 45 52 2 67 47 9 25 74 14 95 9 66 87 32 84 52 58 11 55 19 85 
49 30 22 97 78 3 84 100 8 26 44 61 29 10 74 4 2 14 18 63 90 84 49 89 67 67 12 44 22 31 96 37 27 84 34 4 88 84 3 62 9 14 89 4 91 29 75 93 43 93 55 99 42 4 53 76 37 65 86 25 96 47 63 89 31 63 94 85 46 63 46 21 77 35 26 34 64 67 26 73 26 82 37 68 52 91 9 55 55 62 81 17 8 43 5 39 5 65 23 17 
28 36 38 71 71 30 4 0 98 98 39 23 45 76 57 63 32 33 17 88 95 64 71 69 6 76 8 78 7 98 95 1 33 100 72 70 29 43 36 93 6 75 82 51 17 5 13 15 38 97 69 99 27 39 67 33 82 41 78 89 39 38 90 38 37 27 8 33 36 10 25 42 52 74 93 35 79 72 50 83 35 19 81 62 24 13 61 5 55 38 60 60 43 15 98 80 43 72 12 79 
49 4 21 0 44 80 35 22 18 85 71 19 70 17 81 95 30 7 100 51 12 26 77 55 41 41 34 84 12 13 29 61 84 16 27 27 62 62 15 80 13 52 99 83 69 45 77 65 19 43 16 31 69 93 86 9 100 86 60 79 65 55 5 48 71 33 41 99 95 22 79 7 74 43 57 42 55 100 7 74 42 90 71 77 48 56 53 48 41 79 26 6 33 31 20 70 64 62 68 25 
50 12 99 24 22 55 66 43 55 73 16 63 28 87 40 77 8 93 24 15 71 50 88 70 81 75 39 45 2 6 36 52 86 34 76 7 90 42 50 10 81 32 73 9 85 79 52 93 37 76 74 74 25 28 43 72 2 82 83 4 55 18 56 40 53 32 13 8 40 63 18 87 61 57 62 45 36 13 3 39 89 77 13 80 4 56 52 73 4 34 77 25 53 33 31 72 31 10 80 37 
73 64 23 100 20 86 44 22 65 13 62 54 90 75 100 61 97 51 33 67 52 77 58 4 76 55 42 6 65 21 43 3 85 32 2 71 17 46 94 49 25 21 2 82 62 1 42 58 19 41 92 71 84 49 41 59 4 83 65 35 3 74 39 54 6 41 91 90 54 50 38 79 71 6 60 32 8 68 57 94 76 48 64 59 63 4 18 33 87 49 69 56 23 7 76 96 14 66 85 68 
16 23 47 53 29 6 86 3 41 42 97 16 56 26 75 85 30 93 85 83 8 19 4 31 26 80 26 6 12 77 75 95 66 88 47 96 60 32 65 0 40 28 16 62 54 92 13 51 50 98 33 58 16 4 89 8 84 81 14 62 58 55 56 90 42 3 51 2 1 16 2 8 10 19 36 30 77 49 81 26 12 81 85 28 85 39 2 34 87 84 97 10 4 18 100 47 88 51 15 90 
33 84 64 43 2 100 73 45 49 20 72 61 67 22 56 17 61 24 17 47 74 13 23 79 99 23 25 86 74 6 41 6 90 4 49 59 71 88 3 86 74 41 46 40 63 68 23 91 59 41 3 32 20 27 10 18 50 1 4 90 7 11 96 64 16 10 22 87 64 92 72 38 33 84 44 62 18 68 18 77 75 22 75 95 15 86 13 31 87 84 20 61 95 82 24 77 58 12 29 21 
3 67 25 2 17 36 65 35 70 49 78 44 71 52 38 52 3 17 83 91 0 69 17 96 50 7 38 7 19 68 96 89 34 87 92 51 22 22 52 92 71 29 1 8 48 40 60 51 57 43 7 24 11 24 86 28 98 23 1 16 91 97 72 92 84 63 42 72 85 95 30 55 90 31 29 37 71 90 55 95 99 62 18 76 53 3 3 50 26 5 33 84 68 4 75 17 33 16 90 17 
77 19 38 33 50 68 36 88 23 91 82 21 19 66 97 72 69 0 88 61 72 20 44 39 91 18 23 23 1 12 40 44 98 45 77 13 79 80 0 1 70 48 22 89 13 85 26 48 85 14 9 22 34 53 28 25 38 51 14 5 29 55 49 26 66 93 5 10 72 73 11 7 20 100 63 0 84 89 48 35 2 23 57 3 43 85 95 47 35 8 52 30 29 0 56 61 59 28 71 30 
0 48 4 87 47 67 87 98 55 1 32 24 91 55 94 33 40 54 46 41 28 98 72 24 65 94 85 23 21 22 54 88 70 58 75 17 91 27 81 11 95 12 1 86 33 95 85 73 14 31 81 43 95 18 33 59 11 17 83 100 39 2 87 9 26 27 93 16 55 39 27 49 51 29 0 50 90 52 23 71 83 70 13 77 88 46 2 65 29 85 64 35 87 17 44 12 44 2 95 65 
41 88 14 58 16 81 7 73 32 97 43 81 66 22 24 19 34 26 85 29 10 14 64 63 31 74 41 42 42 35 6 83 22 20 6 5 68 81 44 100 77 87 47 9 75 71 95 75 63 79 3 39 94 68 1 91 7 8 32 50 43 39 32 31 25 5 2 93 86 46 59 28 99 72 3 39 8 99 13 71 77 17 9 36 51 77 27 58 85 59 7 94 64 6 91 90 78 60 82 63 
5 6 57 71 78 61 9 86 25 90 22 68 73 31 71 90 74 98 47 24 22 21 84 53 94 41 42 71 0 90 100 72 97 56 42 40 83 18 26 74 74 14 42 46 46 12 35 86 76 48 10 64 69 60 16 28 0 24 99 67 14 64 39 77 20 47 16 69 31 8 9 4 23 51 16 35 29 51 87 71 66 63 0 34 23 17 29 90 41 27 57 21 92 96 98 78 8 81 12 40 
55 21 10 44 38 27 45 33 78 32 70 43 95 71 44 84 54 73 74 95 66 97 83 23 58 46 67 66 93 80 72 48 67 83 58 72 9 3 71 53 1 41 63 96 11 6 46 65 45 86 25 77 82 74 0 39 20 67 4 12 12 77 26 46 25 85 17 34 54 88 87 55 95 49 16 72 21 62 36 32 47 28 9 95 1 9 33 88 42 4 0 21 47 93 67 72 77 50 5 97 
3 58 17 99 74 34 70 95 62 73 27 76 0 2 70 68 78 70 56 86 74 56 6 87 48 73 58 92 89 29 54 93 53 72 91 26 72 26 88 33 99 81 75 99 83 11 33 60 81 89 45 20 10 18 6 24 57 30 82 46 25 36 38 78 7 28 71 79 20 58 78 19 38 53 84 87 64 16 12 10 71 23 30 81 41 2 5 99 32 53 44 57 89 48 34 62 42 4 6 62 
28 85 81 32 3 31 85 67 47 97 43 18 20 73 65 27 75 36 92 73 90 1 29 78 49 29 6 57 0 12 19 28 97 66 27 66 97 11 99 10 8 41 28 95 13 59 88 54 96 80 26 85 47 21 28 63 51 34 19 17 47 38 11 9 71 38 76 67 16 40 43 91 82 71 51 61 30 38 82 25 84 7 76 98 96 3 60 12 38 79 29 51 84 6 60 20 11 1 87 27 
8 30 17 90 67 34 50 63 72 31 54 22 5 29 19 67 100 45 79 37 23 74 54 73 80 80 93 57 48 46 84 56 42 67 45 75 0 61 38 39 59 58 27 30 54 12 97 53 57 41 56 46 14 9 19 60 55 78 84 2 23 67 58 31 0 2 6 67 30 44 72 89 68 65 85 21 77 81 40 100 88 96 46 68 71 31 94 26 8 77 95 99 10 53 29 10 21 35 43 51 
45 82 5 80 46 90 0 90 36 7 89 23 69 0 57 40 31 51 32 6 27 26 4 37 45 100 13 67 1 23 84 46 4 56 92 16 11 93 5 14 66 61 3 34 61 61 40 59 11 72 31 38 65 1 42 76 0 55 8 1 78 93 14 48 14 5 65 25 64 36 39 29 97 43 30 24 70 70 83 81 8 13 85 39 81 26 14 81 48 23 49 92 82 29 6 96 0 71 87 65 
6 93 60 70 1 90 94 71 60 42 51 34 21 1 73 1 28 87 48 42 76 97 100 57 25 5 18 93 76 5 57 49 98 83 18 99 39 78 35 65 19 86 99 40 87 71 7 81 57 55 89 33 52 89 56 43 94 75 35 36 46 58 85 43 7 69 7 46 46 42 10 65 94 8 71 46 79 78 94 1 32 82 0 50 70 57 60 30 98 61 66 43 86 50 52 93 85 25 4 30 
67 14 95 26 89 31 72 33 75 31 0 73 13 1 23 49 24 49 79 21 9 44 30 61 60 82 19 44 6 23 40 39 3 0 31 58 31 2 91 5 34 92 79 13 59 68 62 83 16 7 3 92 17 100 19 44 81 38 88 53 62 95 58 31 95 89 90 26 57 80 98 57 37 42 36 96 9 99 78 92 72 47 50 89 46 69 32 93 6 87 11 34 81 69 66 75 23 21 67 47 
0 65 3 38 6 40 100 83 4 78 74 76 91 90 30 37 24 63 96 98 49 74 31 96 8 63 70 32 84 37 79 51 68 48 55 40 54 54 22 24 31 63 100 89 52 30 25 77 59 87 40 74 60 71 69 69 0 4 67 84 7 11 34 75 59 89 15 80 9 3 3 6 66 3 95 85 100 19 27 24 73 67 98 99 3 32 67 3 36 100 54 10 10 88 85 70 43 66 15 18 
36 18 24 1 88 19 52 53 4 45 77 77 11 40 76 82 72 8 85 75 8 38 85 18 93 35 54 1 68 69 19 3 54 43 71 41 62 90 95 67 34 71 9 12 78 51 94 49 60 78 90 34 83 40 18 41 42 39 42 76 74 27 45 27 70 15 69 99 71 29 31 5 66 40 17 43 92 10 59 17 54 48 51 2 55 69 43 63 74 85 38 48 78 83 75 14 64 9 12 1 
38 9 6 4 49 90 47 6 66 72 23 19 87 74 22 41 9 31 70 83 83 7 97 60 56 72 74 86 81 52 87 86 61 93 56 10 48 69 83 13 41 6 100 27 46 88 34 21 18 3 4 0 77 0 61 32 38 0 17 86 53 4 37 13 63 93 90 11 61 73 91 1 79 90 95 91 77 28 12 62 98 83 62 74 49 89 5 54 90 90 39 42 60 76 21 22 68 11 100 95 
50 91 97 28 46 57 85 90 86 97 51 83 45 79 23 95 34 28 48 23 84 53 31 43 95 18 32 28 29 31 22 79 88 85 73 34 42 58 90 94 20 40 76 32 85 65 26 18 94 40 7 43 59 38 87 53 57 18 81 52 15 69 98 3 54 36 3 62 60 59 55 81 99 97 12 49 62 4 68 21 10 75 64 69 80 50 88 2 34 34 54 50 2 17 19 56 54 89 84 13 
47 38 60 11 35 72 60 97 42 27 17 18 69 81 87 14 98 40 16 31 74 70 81 77 54 100 99 7 54 83 20 0 20 81 11 21 18 72 17 61 65 0 45 100 48 32 13 45 38 29 76 12 66 23 89 19 89 53 26 43 1 12 43 89 93 21 9 11 93 94 38 23 94 83 23 41 81 2 52 19 32 28 98 64 51 52 83 5 4 75 48 73 87 58 61 80 79 70 57 37 
29 61 60 23 9 49 30 91 52 83 76 50 77 39 13 94 91 96 99 61 36 13 33 22 71 94 68 49 30 24 86 59 51 11 48 61 61 79 17 79 27 93 28 3 31 41 97 88 2 95 48 38 74 82 60 44 75 28 59 71 18 10 30 70 22 78 30 49 22 47 94 49 5 21 52 2 62 14 90 30 76 37 68 49 85 27 94 26 21 52 97 6 29 26 76 17 71 72 32 93 
85 25 8 56 46 60 58 74 41 13 3 16 50 71 65 35 64 58 27 52 77 23 58 72 16 100 89 53 37 20 45 21 45 19 77 57 46 0 30 87 13 33 2 29 70 67 30 100 92 57 51 34 81 75 5 63 40 60 15 77 80 26 64 91 46 6 47 92 6 77 44 86 76 46 15 45 79 11 10 36 35 62 70 15 2 41 44 43 0 59 19 80 51 50 70 97 56 16 54 29 
59 98 14 34 9 96 45 55 7 56 91 42 84 61 23 52 1 33 95 2 92 81 48 42 30 85 5 86 0 25 14 26 23 96 60 99 91 72 53 64 27 44 72 77 71 61 28 72 94 90 40 51 70 55 60 66 39 65 51 5 90 32 31 79 94 58 44 84 29 97 14 22 6 52 99 77 13 93 15 73 82 55 91 51 76 50 16 14 81 34 20 70 32 17 15 25 75 59 75 3 
21 89 25 28 41 90 4 20 83 19 59 64 41 49 15 16 99 98 98 79 31 84 15 29 0 97 54 76 21 29 45 42 17 71 70 24 60 41 10 42 26 36 73 33 85 88 50 50 51 13 95 49 97 9 78 97 5 32 38 26 61 84 35 44 20 71 35 80 11 11 89 38 47 61 37 99 14 87 48 65 66 42 80 62 18 58 25 90 90 63 16 16 12 17 26 32 88 27 12 66 
39 67 3 52 27 6 50 7 94 98 38 25 40 18 88 24 76 12 13 31 41 96 13 54 12 39 86 0 33 64 66 72 30 35 90 23 41 40 30 0 3 69 26 43 53 80 33 28 58 47 25 99 42 38 52 55 43 4 21 76 68 87 13 65 88 3 88 95 43 85 62 46 19 88 56 72 33 89 66 91 35 91 55 78 95 7 99 37 78 19 80 45 72 93 76 25 62 64 19 4 
14 81 17 33 34 39 71 33 94 36 23 96 26 79 39 87 52 37 23 29 56 69 40 94 62 83 18 90 46 3 61 26 51 78 59 85 83 29 85 76 31 7 37 23 52 76 9 3 12 99 99 34 68 5 94 96 88 11 85 100 15 45 25 66 89 50 16 71 45 0 13 76 75 50 99 26 93 7 97 4 5 61 5 39 32 99 34 86 77 86 51 58 30 42 23 86 92 5 22 2 
73 1 78 47 18 42 39 10 49 35 81 21 63 86 26 95 51 61 47 27 46 98 85 42 40 74 27 98 45 16 0 17 17 44 64 35 87 70 45 1 71 26 89 33 78 15 95 28 42 41 21 54 4 72 96 10 45 90 75 57 5 41 74 22 85 4 24 37 74 69 5 44 61 60 44 39 41 38 67 83 45 55 36 15 26 99 26 72 88 0 95 59 41 68 47 92 38 71 96 11 
6 67 22 67 26 66 5 68 70 39 16 81 94 53 96 19 17 21 57 71 88 51 29 95 86 42 53 23 80 48 1 86 81 90 52 6 21 24 40 57 29 57 37 22 76 32 7 93 20 31 63 74 82 58 69 33 66 88 23 45 35 91 30 15 80 49 88 67 39 95 23 68 17 60 56 93 58 63 51 78 94 80 18 42 3 53 41 69 40 64 14 41 20 10 22 100 59 76 66 64 
70 89 31 87 14 53 45 73 16 62 16 76 7 34 84 10 53 92 80 93 21 60 100 42 70 21 41 96 98 74 25 33 28 23 20 43 76 31 82 58 94 98 0 67 99 50 78 51 41 23 10 63 49 9 4 18 98 11 80 95 51 5 94 80 95 80 89 70 11 36 28 71 100 28 37 98 78 81 15 86 3 92 48 18 67 18 37 64 29 83 24 47 54 18 26 48 98 81 85 75 
16 12 45 15 6 49 80 50 96 61 1 100 52 49 84 85 33 20 49 29 70 73 76 90 91 68 4 55 14 89 29 30 67 41 11 39 56 57 55 51 84 57 16 1 72 0 87 5 87 35 34 56 74 76 12 65 43 16 86 57 71 14 53 37 55 30 42 77 54 97 28 37 53 44 5 25 44 92 97 31 93 97 53 66 72 65 30 81 47 15 3 17 97 56 20 17 52 62 95 72 
59 22 76 78 32 81 2 77 72 99 74 64 95 26 29 32 58 26 12 71 7 15 55 70 37 41 88 56 3 48 27 28 36 2 5 68 83 75 10 20 39 84 50 0 77 46 32 0 38 45 71 11 26 92 82 30 33 35 86 2 83 79 30 85 82 1 52 30 76 63 17 15 12 67 15 89 12 13 55 16 24 93 28 51 84 9 47 83 44 32 85 93 10 81 77 58 83 95 55 58 
57 72 39 36 4 20 91 17 34 46 100 58 4 27 75 88 36 21 37 46 19 21 38 30 2 81 54 51 76 8 75 99 46 14 34 51 0 92 34 34 37 33 59 41 61 33 95 63 21 31 9 40 19 13 36 88 95 91 38 36 65 79 34 78 93 35 28 60 26 62 94 29 61 18 36 21 52 30 85 39 28 60 79 13 73 15 0 67 72 4 69 2 83 3 80 42 4 74 1 30 
1 61 59 63 80 95 50 98 91 0 36 85 60 81 98 33 62 98 66 100 68 35 2 17 4 48 59 8 89 26 4 90 53 29 18 32 90 69 96 80 35 98 65 96 79 62 95 40 26 26 6 60 27 75 77 31 22 35 5 10 27 9 67 81 38 85 79 27 19 41 74 21 38 4 16 83 32 77 90 24 69 96 85 97 70 61 27 58 63 100 35 56 8 1 36 13 52 82 6 38 
22 80 59 26 50 41 9 83 84 99 6 52 94 57 48 29 18 42 87 81 41 21 36 15 22 39 28 41 87 35 79 8 81 3 0 31 44 9 80 27 7 86 45 67 43 94 96 27 1 49 7 8 70 9 23 59 14 18 100 0 53 44 75 100 47 76 30 57 51 9 50 25 62 95 92 71 54 54 98 55 2 71 63 72 46 53 97 61 71 62 61 90 5 2 89 18 44 86 41 95 
95 91 19 22 52 78 93 5 31 90 27 100 60 56 37 6 8 34 33 45 96 60 34 68 62 90 52 72 75 94 67 35 50 86 58 1 29 50 7 60 6 34 25 32 90 63 4 65 97 37 9 58 98 10 25 25 66 44 98 6 37 30 41 87 15 65 89 11 15 62 37 88 62 63 19 17 25 24 82 88 61 58 11 24 68 3 16 33 47 80 5 84 9 46 36 91 11 24 1 93 
52 39 46 13 1 65 31 93 89 12 46 16 70 57 6 3 60 22 2 6 68 7 56 77 20 93 34 98 16 35 56 35 40 1 48 7 66 45 100 21 24 45 37 94 69 9 64 28 99 32 1 66 40 57 9 26 49 43 23 32 44 45 67 85 46 14 92 78 26 58 99 50 69 1 43 37 11 73 32 76 5 33 41 11 56 50 37 5 59 26 37 3 71 3 54 83 84 45 60 9 
69 59 59 38 26 69 41 37 7 73 79 12 72 20 90 28 36 26 33 96 18 36 65 89 5 18 71 89 29 98 65 99 56 90 36 48 24 43 86 32 16 64 10 54 50 0 82 53 93 81 14 11 16 79 66 21 97 3 77 92 0 41 90 22 97 92 70 21 35 21 19 17 52 96 71 1 96 53 20 55 33 34 32 16 12 64 37 75 67 80 67 67 20 56 55 84 14 25 4 49 
46 90 66 64 85 36 66 47 55 86 68 55 20 100 71 99 63 74 74 97 54 6 63 40 62 85 23 42 9 94 91 21 83 22 86 34 59 17 47 80 69 14 34 89 13 71 54 42 45 94 38 65 100 68 4 27 52 95 70 27 88 60 48 37 49 33 71 74 50 17 53 19 98 54 74 10 24 27 18 35 20 23 100 86 91 71 13 8 65 83 35 52 8 83 55 57 16 92 30 32 
75 50 17 72 3 92 48 94 85 67 29 72 90 95 57 46 65 36 54 29 18 89 48 94 37 2 16 19 95 13 52 69 63 69 41 32 26 55 25 78 21 20 49 77 15 72 22 46 8 42 42 93 30 90 86 34 58 69 53 18 82 4 54 44 40 61 42 32 15 67 9 3 88 24 80 69 97 69 81 71 10 22 63 7 78 15 41 2 84 60 20 65 31 74 75 71 34 16 69 16 
83 79 19 36 2 65 71 65 33 52 35 10 40 99 84 85 13 91 87 97 50 6 27 81 47 1 17 47 17 87 63 66 65 48 69 33 13 39 99 12 57 33 22 98 98 5 82 10 96 34 73 12 6 100 93 19 67 10 67 84 97 96 50 27 44 18 60 23 23 58 35 81 58 58 44 55 29 92 66 92 25 4 3 98 71 62 17 37 72 84 21 68 45 37 95 55 21 21 78 10 
79 13 57 36 37 0 58 32 58 90 23 49 94 93 47 64 55 64 68 26 13 55 61 24 92 21 80 79 42 23 89 88 2 46 90 5 12 47 38 71 36 27 86 97 20 99 26 41 62 94 67 41 48 94 32 5 82 11 84 90 0 39 77 3 51 67 8 63 80 12 100 83 40 52 79 26 50 4 67 79 65 100 19 12 94 17 18 75 95 68 64 96 6 7 65 23 40 39 87 19 
52 52 1 58 3 46 84 54 51 50 32 15 49 17 94 8 35 78 49 29 46 80 24 18 87 55 42 26 95 95 11 12 46 80 70 16 25 53 70 42 69 68 23 84 85 84 93 86 61 41 15 73 87 5 92 73 27 100 65 21 60 43 33 5 22 2 88 13 21 23 22 90 91 11 39 42 95 31 27 22 39 8 95 25 81 52 65 7 51 96 28 10 38 27 83 26 96 36 40 16 
60 28 72 50 5 77 58 0 8 86 89 13 60 83 4 40 35 35 47 52 31 41 29 69 34 11 96 29 47 1 11 73 96 49 23 0 26 81 0 0 32 55 13 93 38 84 99 39 19 12 91 50 53 86 85 54 97 80 83 10 47 61 49 42 9 72 43 35 19 9 1 17 65 81 76 69 65 75 7 84 87 64 100 5 50 84 59 12 30 8 89 77 69 38 19 78 76 28 80 95 
37 81 79 68 62 54 36 93 28 43 76 14 7 41 87 23 24 45 35 54 53 24 31 88 62 16 66 37 44 11 99 47 58 77 15 86 30 51 78 25 61 19 39 68 60 92 57 85 37 92 4 56 15 1 44 43 84 76 81 94 53 45 41 10 21 22 97 17 73 40 42 100 60 48 33 19 39 90 70 42 82 41 65 63 42 8 6 26 50 53 86 2 98 26 79 85 48 41 1 88 
82 10 87 41 58 20 26 63 76 97 5 57 37 70 20 45 44 93 37 60 45 23 28 8 15 6 59 30 14 26 17 96 36 70 2 60 56 28 23 32 91 95 55 27 30 75 39 74 33 76 33 78 99 61 52 14 33 10 44 47 37 27 8 39 63 10 100 86 5 89 84 96 49 38 90 79 80 28 18 12 3 51 57 69 78 75 49 77 86 59 91 89 86 99 94 14 76 59 66 81 
47 49 42 96 88 31 40 33 59 58 45 63 8 68 98 52 43 46 96 95 4 86 83 56 50 76 36 92 1 2 38 48 51 81 10 4 11 50 37 37 8 49 66 83 16 63 1 59 8 97 53 79 48 1 34 64 44 70 56 45 72 94 59 90 40 69 94 18 86 98 55 94 46 20 76 28 49 43 54 23 39 6 1 87 75 1 17 18 71 73 29 9 32 88 65 73 57 24 57 42 
21 11 1 33 98 43 28 46 87 82 69 25 54 70 79 28 71 96 12 7 34 41 83 66 29 13 4 52 38 61 60 25 38 61 25 35 3 53 81 90 34 15 82 54 85 26 83 21 88 95 96 21 2 44 53 31 58 24 83 62 85 42 87 90 69 11 24 38 30 5 28 30 87 76 85 38 68 67 59 21 27 20 8 29 65 61 26 89 51 8 50 2 16 2 92 51 81 15 90 10 
87 84 41 74 25 92 11 93 24 36 13 51 57 21 47 88 48 73 42 100 48 58 1 30 60 93 82 40 7 71 17 61 20 24 34 45 15 11 37 39 47 16 56 70 3 2 23 51 76 65 16 23 22 17 53 49 76 0 89 50 37 72 10 57 96 10 1 10 21 4 15 68 20 72 4 23 74 27 41 15 59 57 4 47 41 24 96 16 24 51 66 62 22 76 18 18 86 20 95 73 
91 10 7 11 48 11 0 88 4 7 3 29 65 74 77 72 98 38 88 22 89 20 84 11 96 68 96 48 54 90 87 45 66 94 56 80 4 22 68 76 30 37 4 61 10 81 32 8 19 86 97 74 5 46 85 68 13 80 82 68 36 68 12 68 62 34 48 32 56 15 7 52 52 79 12 28 59 10 2 44 97 99 85 1 44 69 69 24 15 16 92 17 85 3 85 46 37 32 44 59 
47 52 11 65 30 90 60 55 0 62 66 63 27 50 64 37 85 100 61 66 15 52 83 66 21 68 11 58 66 22 84 80 74 95 44 70 84 70 91 50 99 22 12 92 72 43 28 23 42 90 89 23 7 38 90 29 72 67 53 37 89 36 16 28 30 27 64 81 97 21 30 61 43 43 52 82 86 81 4 94 36 59 83 43 97 38 38 68 72 92 72 26 94 88 21 91 81 85 71 78 
5 67 4 49 9 57 30 61 3 0 20 39 59 3 48 22 7 87 56 79 44 27 5 3 82 26 94 62 77 30 5 83 98 10 98 73 67 94 0 70 94 20 75 18 23 22 6 98 75 63 76 85 56 47 89 37 73 48 66 50 79 71 99 76 81 62 48 13 55 48 49 14 35 23 99 24 12 5 21 53 34 98 38 56 44 93 94 84 40 59 100 18 96 98 60 77 59 75 56 80 
89 5 94 23 95 58 48 73 29 69 26 63 32 30 19 43 22 79 26 62 3 25 47 65 89 6 41 13 81 64 93 70 35 52 93 96 9 6 69 39 42 61 68 74 91 53 16 12 98 8 40 67 100 87 32 54 94 39 67 40 2 25 9 37 77 69 100 53 75 68 58 16 95 25 57 85 45 39 63 42 48 69 9 13 22 41 68 15 46 34 21 49 60 31 52 2 100 51 21 40 
85 79 57 79 71 80 29 15 18 92 57 32 27 32 46 49 39 80 30 86 80 51 0 5 48 52 8 47 70 29 54 20 8 77 100 45 56 28 60 40 87 83 73 13 82 85 28 20 30 58 72 9 8 38 15 57 57 90 70 26 18 23 46 93 66 11 37 21 6 63 28 59 46 67 38 27 17 66 13 47 23 52 56 31 90 71 54 46 26 91 38 45 80 85 3 46 62 7 33 68 
70 61 93 15 27 30 8 44 96 22 91 18 40 13 16 29 50 36 76 77 26 13 88 6 64 91 18 93 64 51 26 34 12 19 15 5 49 91 50 11 79 6 96 18 86 78 47 36 14 89 12 6 69 100 79 99 56 97 91 20 48 84 20 26 2 1 31 17 92 47 95 70 54 91 54 5 68 1 41 48 56 19 21 24 85 100 90 7 63 46 94 10 29 13 2 98 81 33 15 73 
81 76 8 0 66 63 5 0 30 13 14 86 32 35 77 17 1 66 24 64 11 17 40 41 97 42 38 77 75 19 15 21 96 24 88 27 53 60 27 83 73 42 68 71 43 44 54 44 9 44 7 88 27 47 28 23 89 32 67 30 18 82 17 80 72 5 6 24 65 0 6 3 8 41 74 51 85 95 62 61 38 35 48 66 49 42 89 3 40 21 33 24 70 51 3 41 22 77 32 53 
43 38 56 51 45 96 68 30 90 96 57 28 31 71 60 80 79 48 83 18 36 83 43 5 33 12 46 21 89 78 74 31 83 29 48 27 91 83 23 47 78 46 41 8 16 0 54 61 48 3 80 50 86 89 55 85 67 1 5 56 45 79 53 94 74 68 21 64 50 10 77 94 57 17 69 39 17 22 67 32 25 12 82 77 0 37 61 33 38 66 55 49 44 8 43 84 42 30 14 58 
40 91 51 63 8 19 69 25 8 35 57 100 13 39 77 80 76 37 12 80 70 68 28 13 42 37 64 84 67 78 41 74 68 58 2 42 44 71 68 52 72 91 17 85 29 94 64 71 98 43 50 67 10 45 46 52 48 9 35 15 53 42 55 88 100 57 29 43 95 97 61 66 88 79 17 83 38 47 54 1 90 70 68 100 81 81 17 29 56 52 10 9 60 31 97 60 88 92 2 82 
89 30 14 42 8 98 91 12 44 44 14 0 81 82 66 27 28 84 56 85 1 32 60 62 63 22 21 17 13 90 99 68 19 79 9 94 76 0 6 87 10 20 53 57 68 18 85 97 68 6 47 70 39 6 31 68 28 18 85 41 74 50 9 60 28 85 53 71 51 25 23 28 11 76 85 46 60 35 8 28 42 55 64 47 27 95 14 55 79 66 62 52 15 37 78 9 89 31 80 39 
22 2 33 34 78 85 46 38 19 54 32 27 8 96 74 35 56 55 56 0 20 84 18 1 21 97 10 9 94 91 14 15 93 14 15 37 99 61 41 17 14 73 45 89 34 85 90 56 39 45 56 25 29 74 26 16 70 37 25 63 94 5 45 86 19 26 89 84 54 96 68 68 68 79 23 68 63 12 23 69 58 79 94 53 19 20 69 89 23 60 18 16 31 29 68 51 55 57 0 8 
52 68 43 87 46 66 20 9 44 44 78 1 89 37 20 7 57 89 97 46 48 81 62 80 76 30 97 30 53 97 5 4 65 14 57 77 46 78 86 90 21 29 58 76 67 78 84 90 67 46 36 81 26 64 26 1 94 89 98 12 52 69 17 83 83 40 59 95 17 11 85 4 40 42 81 73 19 64 29 52 9 31 100 1 95 92 69 55 81 32 67 99 1 50 81 50 91 39 45 74 
50 96 79 57 37 59 96 22 89 24 41 64 55 40 31 16 98 100 37 44 31 3 42 99 20 22 15 10 28 26 50 78 21 28 0 58 53 97 46 41 87 87 71 8 93 1 91 91 0 27 34 99 97 43 63 16 65 78 93 93 3 43 37 24 37 37 48 91 100 61 31 53 13 69 61 6 70 51 63 71 44 63 35 40 5 98 23 37 42 82 29 45 24 66 36 62 70 50 18 35 
10 15 54 24 84 14 97 54 31 59 91 41 88 92 82 60 89 71 97 97 52 25 8 43 58 44 71 94 60 89 95 71 3 49 61 54 29 57 7 27 82 64 68 69 55 15 28 9 86 24 6 38 16 81 47 40 24 17 33 50 72 27 20 75 76 47 95 72 3 1 99 85 31 66 20 86 82 14 96 33 5 68 37 21 48 84 27 38 0 60 88 38 53 75 80 96 21 74 67 92 
42 65 42 73 30 62 59 78 43 20 11 48 88 48 35 35 99 62 39 65 88 26 3 40 67 83 1 89 56 68 46 98 99 88 71 96 50 96 73 59 15 50 73 2 65 7 3 63 35 42 27 89 34 30 28 1 79 30 56 35 64 1 99 63 55 35 58 71 30 97 29 45 13 1 13 78 75 16 40 9 24 33 98 25 30 93 93 8 89 14 9 18 82 8 47 36 9 4 7 40 
68 36 85 81 4 65 58 79 81 64 55 72 97 18 63 93 10 55 1 65 69 77 84 16 51 30 52 61 1 25 0 35 28 51 15 32 15 39 77 63 69 31 0 31 50 63 24 26 17 92 92 52 68 41 68 19 37 86 80 4 11 46 39 39 97 20 71 12 25 47 41 94 45 41 92 95 3 15 87 87 6 44 38 40 51 72 59 89 57 4 93 34 50 32 73 47 52 9 25 44 
57 66 37 68 73 28 28 76 9 14 28 82 25 66 22 76 3 47 64 26 18 23 61 68 55 33 81 73 43 72 83 66 3 20 100 76 14 27 17 91 7 45 38 32 77 60 8 46 74 38 73 92 61 33 25 82 32 73 21 41 10 3 6 14 90 5 56 71 99 74 61 6 85 99 38 28 25 12 74 65 51 46 22 11 45 13 60 78 86 47 18 97 50 92 77 6 63 32 77 28 
72 3 34 57 68 72 85 59 85 58 23 1 71 11 79 15 25 38 59 77 85 44 73 1 35 49 7 64 48 50 92 19 53 92 42 87 30 93 46 14 17 35 82 54 13 60 69 38 65 95 14 49 38 54 16 39 69 23 69 16 39 61 2 92 18 10 45 48 70 57 28 87 92 9 40 4 70 75 8 34 69 90 49 6 9 66 11 78 55 81 61 95 7 63 52 25 39 97 74 8 
19 1 61 11 11 0 82 47 42 57 47 77 12 62 84 21 94 95 99 49 41 25 9 48 54 27 74 94 91 47 1 9 14 63 20 92 29 69 4 37 92 51 14 3 80 98 24 73 58 89 88 66 14 97 13 68 24 87 27 14 100 29 23 14 58 10 5 53 45 10 91 2 27 4 5 6 68 96 80 92 50 33 57 30 30 71 99 20 57 92 0 57 87 90 37 44 66 42 64 77 
18 54 79 46 58 50 18 92 11 64 83 62 98 40 58 94 10 22 80 33 14 46 56 0 35 93 11 68 1 75 44 86 28 90 98 52 5 16 43 17 46 25 45 43 65 2 2 41 25 82 41 39 94 97 5 29 56 16 63 23 91 73 8 85 62 6 36 34 89 79 51 34 71 62 78 1 30 46 9 21 95 50 26 88 12 32 83 34 48 45 57 5 18 66 90 46 38 93 80 26 
71 97 60 7 24 3 9 55 50 18 76 44 68 2 98 46 0 81 81 48 25 3 19 9 69 9 22 73 1 68 99 38 31 59 46 55 28 55 76 78 39 18 88 73 87 86 18 87 66 65 34 57 69 20 33 3 29 55 77 97 89 75 0 19 100 46 41 28 67 16 72 5 34 26 78 20 11 63 73 43 27 7 66 96 94 99 100 89 19 76 85 8 16 85 27 16 98 34 10 30 
51 48 36 51 40 80 38 17 42 10 60 70 84 93 65 77 57 30 65 77 5 15 85 22 67 78 4 30 79 81 60 29 95 62 46 35 42 50 52 84 27 79 19 10 37 51 54 94 81 85 70 53 67 20 41 33 65 45 29 43 92 89 38 52 51 50 53 93 0 5 42 27 50 28 3 53 79 23 46 25 75 83 78 41 69 18 40 33 29 69 42 87 57 46 39 74 97 92 32 63 
63 75 56 79 2 59 31 47 49 44 72 23 26 16 30 95 34 70 95 64 4 2 50 27 49 55 1 45 47 33 7 9 74 63 89 76 88 86 89 2 29 27 92 55 43 21 16 77 57 10 6 61 79 23 89 27 78 56 72 24 89 45 0 63 74 55 4 28 40 60 30 70 87 22 91 29 43 6 5 67 83 79 27 62 1 82 89 45 37 27 36 93 38 36 55 12 57 25 6 97 
85 36 32 71 24 23 100 34 96 72 0 79 16 94 6 17 76 61 28 12 88 64 71 93 66 25 71 22 17 77 86 1 12 17 39 3 6 4 37 2 76 37 47 92 30 53 75 72 80 70 51 68 100 21 26 66 13 97 54 30 73 5 98 51 90 36 54 96 41 91 64 83 94 77 41 24 29 82 62 76 51 12 43 51 34 35 83 47 31 36 43 3 8 40 54 98 77 75 59 84 
65 23 66 25 100 6 15 96 89 77 71 5 90 80 56 23 14 38 36 11 41 79 14 15 18 34 12 61 8 71 44 40 60 10 65 26 83 80 21 71 56 58 43 11 3 99 0 17 3 36 95 10 81 8 25 66 8 37 26 84 74 37 23 0 13 54 26 96 33 47 33 55 71 76 67 74 40 33 57 43 36 51 53 16 25 44 48 33 81 41 16 21 78 5 21 91 59 47 52 58 
60 85 80 30 26 12 70 67 45 93 9 81 9 29 64 34 73 11 33 20 52 16 41 29 21 28 86 47 75 38 71 0 89 50 97 15 62 66 82 7 24 57 88 33 86 17 67 25 29 66 45 47 82 52 43 70 80 28 83 20 32 53 20 21 3 16 36 65 48 17 38 72 74 93 71 26 9 3 51 4 69 62 52 17 13 95 53 59 22 1 79 21 54 65 42 23 47 78 55 95 
61 93 32 34 51 2 60 61 72 77 65 40 38 16 23 17 77 76 76 66 77 20 87 98 85 28 20 31 72 41 92 32 0 90 66 51 58 93 11 29 35 43 36 40 25 59 57 2 1 100 68 44 19 20 41 71 48 28 1 19 35 60 17 35 49 83 87 74 41 64 2 43 6 38 83 99 64 39 0 65 38 34 75 58 54 83 95 68 10 96 53 11 21 70 47 37 18 100 10 26 
63 12 69 36 17 51 0 81 56 67 11 95 0 86 18 20 68 12 54 44 74 73 56 62 42 69 99 26 68 75 52 97 87 87 99 70 37 99 16 60 65 27 20 31 80 4 17 13 83 71 58 56 9 80 84 51 14 48 78 48 22 96 44 76 83 43 45 86 7 62 11 39 55 31 70 0 35 88 14 17 24 38 40 0 84 23 51 98 72 95 45 60 57 55 35 5 64 81 57 72 
8 69 10 29 100 46 30 35 100 10 18 91 14 58 91 98 48 7 61 86 69 72 45 25 26 81 97 57 27 53 95 35 21 71 30 21 16 60 22 83 36 6 73 50 31 29 13 45 36 74 30 4 11 41 96 38 88 92 61 14 45 55 15 32 25 12 19 41 38 41 23 75 14 62 91 45 91 4 90 94 44 86 64 56 26 26 60 81 17 20 61 28 75 43 61 100 55 80 6 93 
88 97 67 1 24 58 12 82 28 1 75 72 53 4 27 45 30 87 25 14 73 87 42 47 96 69 12 50 15 86 42 69 48 76 70 38 100 48 19 27 15 60 99 68 65 93 12 95 45 4 8 18 57 17 31 52 86 10 1 0 62 9 35 9 85 4 47 84 18 33 77 33 93 42 0 57 0 80 52 45 84 26 29 40 43 61 92 29 37 59 96 99 68 31 74 19 1 87 69 87 
19 46 19 12 54 87 35 54 32 53 99 82 80 95 88 89 21 79 17 58 3 80 56 71 77 96 90 44 82 59 30 68 71 16 80 24 2 81 78 0 34 42 82 80 36 69 68 57 13 52 14 16 98 36 53 74 98 9 84 80 34 14 47 71 30 93 95 99 73 38 65 73 80 46 18 83 14 87 39 27 38 20 9 35 22 28 75 20 37 58 66 37 38 12 7 34 71 1 99 9 
5 63 83 86 8 0 34 89 53 39 82 57 59 91 58 48 19 32 68 22 57 100 60 61 11 67 96 48 35 60 57 40 23 5 92 98 73 25 87 25 65 68 49 90 25 6 37 10 39 71 32 62 70 58 22 47 25 84 61 26 44 18 32 67 90 24 30 62 15 16 54 80 51 2 36 42 75 73 52 80 10 50 41 46 8 30 60 100 13 20 92 57 4 23 90 95 47 20 22 63 
2 42 8 19 10 44 61 86 84 79 65 60 29 73 5 3 2 31 69 15 52 60 39 22 83 28 83 30 14 5 59 84 47 67 2 24 78 30 9 61 8 40 87 3 12 92 6 81 23 41 97 41 0 1 63 50 96 46 46 10 17 4 94 30 37 62 54 81 92 29 7 0 70 94 70 48 86 43 29 75 84 92 82 51 93 10 0 54 22 46 30 39 50 90 36 53 52 90 34 43 
86 41 9 21 35 46 69 87 89 64 61 72 21 8 22 80 18 22 34 41 68 64 80 84 54 15 3 72 72 37 81 23 44 91 44 79 36 79 31 91 9 58 62 30 66 51 10 85 39 10 25 74 74 71 57 94 53 26 65 91 63 46 13 74 2 23 52 4 68 50 95 77 7 22 7 74 39 84 24 79 94 15 52 33 52 75 27 4 1 58 61 30 3 74 3 72 63 22 42 31 
72 36 7 79 25 81 18 64 30 8 8 23 23 60 23 76 1 50 46 2 74 7 32 78 47 2 15 10 24 58 41 62 60 14 40 51 62 25 15 92 100 23 82 23 50 4 65 51 20 10 53 94 84 51 37 31 19 53 41 43 77 48 4 36 62 11 88 90 2 69 82 1 58 63 24 74 67 55 24 87 32 43 46 15 61 84 46 80 36 53 23 12 67 94 14 96 4 68 85 6 
2 66 75 61 28 65 0 61 20 25 13 52 34 60 67 95 43 80 75 45 99 64 23 66 57 37 61 28 72 45 0 74 11 75 0 5 40 1 33 26 93 46 78 26 72 10 21 14 56 62 25 55 25 48 20 48 86 81 76 57 92 43 97 2 17 98 75 23 65 7 49 57 19 93 83 92 70 3 72 25 31 98 80 56 11 66 71 97 46 12 19 4 55 16 6 39 80 47 62 44 
20 78 0 40 36 49 98 72 53 35 98 50 32 43 6 44 76 43 6 88 55 93 92 10 75 65 49 54 11 77 64 32 20 64 38 23 12 35 95 31 70 58 82 69 68 54 79 43 97 51 30 17 43 89 27 84 53 42 37 64 19 0 62 5 30 100 28 9 0 23 6 37 81 54 72 14 74 16 57 36 33 54 54 43 42 81 26 61 90 30 91 8 97 53 13 27 18 42 2 86 
31 75 89 78 96 26 93 69 42 49 72 41 69 25 84 77 72 10 37 61 6 28 35 2 81 15 96 65 23 98 16 54 39 4 31 34 30 23 2 38 39 74 80 7 65 63 85 37 39 21 64 45 15 100 48 96 14 43 27 37 7 43 57 46 48 88 80 44 78 48 83 83 89 62 90 19 24 40 22 64 28 87 75 43 52 22 5 66 32 99 69 39 41 25 85 55 79 30 100 56 
44 82 38 99 9 95 18 100 0 6 29 28 93 4 38 44 26 9 76 58 7 44 63 48 35 13 70 14 9 35 36 54 83 41 18 92 1 2 91 1 9 20 97 68 24 34 12 16 43 88 41 50 99 3 64 33 84 100 13 93 34 16 12 16 57 31 7 58 100 65 25 8 85 21 77 75 21 55 57 30 8 64 46 73 34 10 73 17 9 86 9 10 68 22 26 24 19 0 48 18 
65 40 94 15 61 36 56 49 57 12 79 31 43 25 4 77 1 77 60 77 28 35 87 97 57 13 87 42 13 35 27 44 75 87 59 1 89 14 50 45 93 29 76 35 20 80 78 21 22 37 98 51 73 51 47 96 64 100 4 43 34 31 53 75 17 11 43 5 92 93 16 50 88 92 86 74 38 63 95 26 67 59 77 39 9 90 0 39 90 4 48 90 35 0 31 18 78 74 90 35 
32 72 85 87 30 36 60 68 66 21 94 32 80 37 37 55 93 37 94 82 42 7 38 43 74 69 28 51 8 84 52 40 56 36 93 86 73 53 19 38 74 12 36 19 15 73 74 8 9 67 56 17 40 60 61 13 28 89 30 2 72 82 43 94 84 35 79 22 54 98 26 27 77 62 12 92 0 86 66 10 18 89 27 58 48 54 37 77 8 67 45 47 14 54 40 99 56 19 87 9 
83 13 3 25 41 15 84 42 68 49 18 86 37 11 10 86 66 47 28 40 14 73 87 28 27 27 93 83 12 80 58 61 59 61 87 100 43 70 7 10 85 25 96 22 3 5 74 69 19 68 8 33 40 62 27 33 89 20 82 67 66 40 27 24 67 13 90 9 49 64 86 34 55 48 22 58 53 96 93 72 63 1 71 69 63 99 69 17 85 50 50 16 56 77 40 90 57 96 99 5 
