100 100
37 8 28 11 57 78 75 32 21 81 70 45 35 93 1 59 93 37 93 16 68 97 30 99 37 34 76 8 52 62 28 41 70 9 52 27 87 79 11 60 13 82 58 0 27 59 60 73 96 5 89 17 54 71 16 91 6 44 99 10 6 79 3 76 88 8 56 28 87 67 40 0 1 98 1 81 58 13 54 6 70 95 23 24 66 91 67 72 36 18 34 94 97 38 71 38 46 79 18 33 
98 58 86 52 57 39 33 67 4 39 73 74 34 49 50 0 40 69 25 28 39 59 23 88 97 46 26 43 25 44 29 75 55 67 27 12 58 12 79 62 51 4 88 85 53 90 38 46 11 63 74 50 74 49 90 72 95 17 67 72 13 48 0 20 15 27 32 25 40 63 39 43 68 27 81 21 69 19 19 80 34 46 82 8 95 73 32 43 42 0 67 7 0 67 28 68 47 12 93 87 
76 33 82 44 12 63 17 82 34 37 14 68 83 49 77 30 22 61 73 16 61 93 75 62 60 55 82 7 68 75 46 44 8 29 40 21 44 57 55 79 94 69 47 29 18 76 60 92 38 85 60 51 78 36 65 91 91 47 98 59 23 97 55 83 78 95 56 22 5 11 1 51 33 49 81 3 77 93 96 67 30 8 19 61 44 36 52 88 36 2 47 59 51 55 94 29 2 51 52 7 
14 53 59 47 54 40 3 84 85 99 51 67 59 22 28 4 59 32 92 95 87 91 6 90 46 52 20 49 55 72 56 70 77 67 69 84 59 72 68 44 23 71 64 83 94 92 39 5 77 31 52 16 74 10 6 21 62 78 22 70 2 30 40 80 98 61 64 57 86 84 54 9 55 18 92 49 62 31 6 91 14 58 7 89 68 66 62 83 44 36 53 47 66 45 79 16 58 95 74 44 
79 80 54 34 50 98 36 12 82 94 56 48 53 15 37 73 81 51 8 78 87 13 77 54 10 56 70 69 51 96 13 82 28 19 68 78 70 56 91 52 51 47 52 56 14 42 29 96 93 90 26 33 3 3 39 66 59 61 35 62 58 0 96 86 20 64 65 42 21 8 46 24 7 98 80 21 40 61 69 86 51 95 19 7 50 58 73 61 19 60 75 29 12 71 16 84 36 33 26 9 
93 72 33 0 71 13 73 11 26 95 97 78 42 68 37 93 26 62 54 46 74 30 75 86 1 43 71 89 76 97 98 21 70 83 73 93 48 99 56 75 94 54 53 36 22 42 29 1 4 36 47 78 66 22 16 19 18 87 61 46 85 11 68 7 95 41 0 43 40 56 18 86 62 23 23 37 17 4 38 21 40 37 51 58 11 68 30 29 55 91 76 92 2 96 99 97 89 51 93 82 
8 11 68 22 87 91 59 4 96 49 78 88 86 29 47 98 49 77 27 57 68 55 1 22 51 53 20 41 4 13 23 64 76 43 39 63 35 98 20 83 0 98 23 86 79 70 36 81 99 16 38 19 71 39 42 75 44 14 68 49 79 43 65 7 86 4 23 73 55 43 56 55 41 32 93 72 54 30 53 54 98 91 25 21 83 19 96 27 33 16 28 64 59 46 72 98 50 95 71 57 
90 80 12 31 12 58 3 66 40 57 72 38 0 98 11 35 17 60 15 3 76 95 67 88 41 91 86 44 86 57 1 76 89 66 59 1 76 15 20 16 24 92 6 76 90 17 12 60 77 79 63 6 74 30 94 68 22 80 12 60 89 65 89 79 83 48 80 59 15 0 27 39 45 85 16 35 3 80 95 32 59 10 38 85 93 84 53 67 64 17 27 6 83 68 85 66 69 17 78 84 
70 57 24 15 43 92 2 98 72 50 30 83 60 21 68 53 5 22 72 22 39 52 28 74 20 65 93 89 82 71 74 52 28 50 19 23 42 22 21 66 72 4 49 32 25 17 38 82 91 10 56 83 14 36 57 35 1 50 76 36 73 50 40 54 52 60 77 94 34 51 12 6 55 61 90 32 31 80 66 74 43 23 57 57 11 15 92 65 17 69 53 91 71 93 97 24 5 74 70 39 
25 35 97 80 96 88 64 79 20 31 54 63 6 11 21 17 78 65 34 96 86 87 39 10 81 36 86 38 10 8 30 88 43 27 20 40 15 85 71 88 16 77 51 74 89 24 91 19 90 26 15 28 65 54 90 98 90 76 37 53 85 67 41 28 94 61 20 62 98 92 50 66 69 53 40 10 78 32 30 20 10 97 0 75 52 91 26 94 67 63 47 4 82 88 33 28 2 5 90 0 
97 92 19 19 98 59 81 76 43 63 48 53 61 48 81 65 39 7 59 59 22 7 63 4 47 48 32 1 54 75 54 3 19 73 22 17 32 56 45 76 19 93 81 32 94 62 97 33 21 57 44 43 64 8 99 63 56 32 65 10 59 19 14 78 92 88 48 24 96 93 52 68 39 34 0 33 48 98 66 70 55 63 65 71 71 65 34 79 49 51 42 8 70 8 38 62 48 86 39 45 
80 91 13 19 77 65 4 26 63 22 48 70 85 13 93 56 78 28 88 79 79 30 87 2 38 78 16 38 64 55 35 96 99 0 67 76 66 71 54 81 94 2 52 79 16 45 88 46 25 28 26 57 58 65 59 48 43 27 38 60 83 74 56 34 74 76 62 40 47 17 22 93 19 26 25 35 71 65 34 49 93 12 6 3 77 17 3 73 44 41 33 79 15 41 13 42 17 76 82 65 
45 56 10 64 82 35 52 6 0 86 55 45 98 13 48 27 30 3 0 26 45 85 58 12 27 71 54 44 99 89 9 96 45 20 61 28 7 13 34 8 51 41 53 1 54 54 80 36 57 81 14 54 18 72 67 45 96 73 90 47 62 51 44 60 23 5 88 31 70 74 91 73 67 96 26 21 50 6 57 60 39 71 14 58 96 33 3 92 7 93 39 21 97 83 81 20 88 21 3 10 
47 94 83 14 43 61 35 45 68 44 5 7 68 72 65 64 57 21 56 64 66 47 38 63 31 71 36 71 93 39 82 40 86 17 7 29 79 42 74 99 39 32 6 59 56 24 23 13 97 31 30 63 30 68 79 61 39 15 85 84 54 19 77 40 36 84 21 67 78 48 18 69 80 25 28 36 1 3 49 98 34 79 61 65 99 92 78 91 7 63 75 62 82 4 54 71 88 28 90 19 
76 9 88 8 86 17 96 87 20 45 37 7 77 50 24 28 43 2 19 50 18 47 64 52 51 71 23 92 99 66 11 27 75 99 35 13 16 31 0 89 28 89 96 57 39 20 86 82 74 57 85 92 56 49 45 60 72 20 52 71 38 63 50 13 14 85 26 83 68 78 72 97 67 68 6 7 40 44 41 14 54 26 59 10 28 56 70 0 28 22 24 67 37 74 32 52 12 59 35 80 
89 59 29 9 27 36 68 67 32 9 33 86 88 92 97 16 0 19 68 29 42 92 96 31 19 28 35 31 39 22 63 81 81 93 90 60 81 58 27 13 19 13 52 7 5 49 75 6 68 96 87 62 40 83 46 59 63 81 90 3 56 6 84 37 99 26 98 32 84 77 97 3 90 49 63 48 50 90 6 71 38 93 85 79 28 31 38 91 65 81 94 21 87 30 10 38 56 60 70 92 
90 19 48 32 69 63 32 71 53 38 42 92 83 28 71 11 11 61 3 76 42 49 49 81 32 12 19 88 72 41 33 14 61 81 47 82 44 79 53 49 70 48 41 5 76 64 17 39 78 72 16 72 73 17 54 5 29 25 46 54 67 79 68 28 12 67 62 56 47 15 5 69 63 99 74 91 15 43 31 45 67 99 18 41 68 24 98 98 49 44 52 16 75 72 96 87 40 58 95 39 
26 1 8 41 52 34 85 19 30 68 65 97 67 83 38 35 7 89 85 56 33 37 25 61 62 73 48 2 32 96 41 10 97 1 51 1 35 36 20 65 4 85 15 23 20 5 11 27 94 96 36 80 86 13 41 48 86 41 50 70 37 43 80 86 44 84 87 79 20 8 97 77 45 12 52 66 17 63 45 64 12 81 44 50 46 85 50 33 26 52 3 16 95 36 2 39 20 42 70 92 
50 19 69 47 83 74 13 53 89 59 17 1 92 61 3 39 46 53 24 24 5 79 40 52 15 95 43 87 37 66 80 39 85 1 86 69 75 0 22 65 11 39 18 3 0 22 94 98 27 70 22 85 50 15 37 17 10 33 5 47 99 37 86 36 38 24 5 14 24 79 31 87 70 49 43 70 23 37 20 51 60 95 88 62 10 77 79 72 10 36 19 9 25 57 98 64 81 3 30 58 
35 13 45 5 14 88 28 38 78 48 41 38 43 29 52 5 6 83 77 69 72 96 30 97 5 28 13 39 32 95 97 19 8 94 24 23 83 52 13 13 1 54 3 96 35 55 2 93 38 79 62 10 28 93 8 85 73 21 24 57 17 21 76 77 16 1 0 51 53 65 64 6 19 67 55 6 22 57 0 12 88 14 23 68 59 83 54 33 4 78 90 73 52 67 3 20 20 55 71 25 
21 87 32 92 6 87 99 80 96 51 92 84 17 15 5 77 98 59 62 55 89 52 80 41 71 83 13 91 39 36 17 12 23 1 4 29 40 55 9 36 58 2 72 76 69 77 5 68 88 67 75 78 19 55 71 43 91 37 86 82 73 55 94 97 8 50 78 48 58 40 36 16 94 61 44 63 90 49 83 79 68 10 9 88 66 32 83 9 69 69 91 43 77 37 92 85 39 22 34 97 
62 22 66 8 83 10 72 74 12 7 5 80 18 66 20 36 98 3 97 20 25 40 15 54 77 59 39 16 81 25 14 96 0 32 4 83 42 28 9 6 88 14 87 58 80 59 94 31 15 43 51 92 83 66 46 60 25 37 28 58 15 94 54 15 26 11 98 21 39 8 27 27 74 66 85 7 78 31 38 93 74 89 85 9 7 83 21 84 20 50 42 35 96 97 50 23 8 1 96 99 
61 23 79 87 42 64 94 20 48 32 13 74 21 50 84 80 33 5 64 5 7 7 93 4 56 95 79 16 96 75 15 9 50 46 97 92 11 43 64 11 76 29 85 49 79 21 30 64 79 94 22 38 53 15 42 9 10 73 25 59 0 93 20 51 39 69 95 2 13 60 65 41 89 51 90 21 24 20 85 3 67 59 42 20 74 36 82 37 62 59 48 62 4 68 65 44 90 61 98 3 
21 64 44 62 67 86 83 91 59 21 47 26 80 41 98 7 29 80 44 91 92 92 6 96 12 71 92 2 32 91 57 5 55 53 68 74 40 3 17 99 24 64 77 57 57 75 64 87 8 8 30 52 52 36 48 16 60 41 71 92 84 28 50 91 34 18 65 74 21 82 25 98 99 2 55 56 29 19 43 89 79 26 41 31 62 42 99 74 83 70 67 67 51 17 58 85 87 23 11 8 
57 36 58 56 90 13 13 71 32 8 61 11 34 54 94 49 96 46 23 79 16 42 98 19 59 8 56 98 83 67 59 41 55 17 97 97 31 62 69 63 71 82 27 5 36 73 6 33 19 30 64 88 72 15 7 84 23 64 82 7 83 41 48 91 59 97 40 42 60 9 57 83 43 84 40 80 58 47 65 29 29 81 17 1 96 25 37 20 41 20 79 76 13 27 67 24 76 8 66 36 
69 24 71 13 60 12 45 70 59 62 0 88 95 69 41 44 94 79 16 87 51 95 64 64 74 83 41 50 43 7 39 13 83 10 78 96 22 75 66 81 89 18 21 84 88 15 28 34 94 44 22 45 39 38 61 13 21 54 64 65 14 55 30 97 65 8 93 88 35 12 21 24 30 95 8 18 10 89 53 4 33 27 1 25 65 14 90 86 69 6 3 83 61 33 32 27 93 78 67 80 
90 88 4 72 83 65 43 45 6 96 1 39 75 2 16 40 69 7 78 90 13 34 25 75 67 9 54 13 87 21 45 29 61 50 2 97 67 45 42 73 93 44 64 68 98 33 60 67 40 90 9 5 24 34 32 44 44 86 57 83 59 54 13 21 56 67 70 23 64 12 48 9 8 65 77 7 98 89 26 90 79 88 95 4 22 28 48 18 66 57 54 26 11 67 99 68 86 69 43 50 
33 44 59 42 9 88 1 59 29 79 1 8 67 96 12 90 76 12 60 95 21 14 73 33 33 72 53 19 93 48 21 26 92 32 68 53 72 21 12 1 1 65 10 68 62 74 10 90 39 71 85 60 37 58 45 71 82 98 42 75 47 16 2 91 0 22 45 73 44 9 74 97 75 36 65 89 63 76 79 2 99 17 62 88 27 60 59 62 58 54 37 57 22 91 49 22 66 94 95 62 
55 22 59 30 58 24 71 21 52 3 75 3 20 90 92 99 50 3 61 8 57 51 18 79 42 67 54 8 13 49 22 68 71 81 51 82 58 74 55 62 77 31 66 97 21 58 49 23 61 10 31 71 61 1 2 56 68 56 16 33 6 39 54 29 72 57 63 82 31 19 45 9 2 11 58 75 21 7 98 82 70 81 53 83 83 8 39 3 64 8 37 22 47 43 52 71 0 67 54 83 
86 99 92 40 62 3 15 83 10 13 65 32 95 71 16 78 79 7 33 43 15 22 18 14 65 22 86 17 89 40 1 28 91 45 68 53 48 84 36 11 97 53 43 44 24 11 74 55 19 8 51 86 30 69 1 48 91 87 65 80 79 18 8 70 64 29 23 12 13 59 75 62 64 19 59 89 82 33 96 53 93 47 40 76 68 93 24 11 32 41 44 11 60 4 33 24 33 56 88 46 
67 64 61 31 35 20 72 17 53 21 23 99 20 63 75 89 8 51 52 40 92 96 3 52 1 36 76 34 92 17 81 11 81 94 94 16 14 19 85 19 40 8 18 60 23 93 1 31 44 54 23 89 50 26 41 51 62 70 38 6 87 71 17 68 65 64 36 79 83 21 98 23 30 17 35 5 62 37 37 59 43 12 48 93 39 41 97 1 11 35 60 50 6 29 18 23 93 6 2 76 
28 0 99 10 69 87 15 84 24 4 43 67 17 43 12 56 84 61 9 48 48 69 98 6 51 69 29 44 75 31 21 55 84 72 65 53 59 81 89 35 85 32 2 2 27 67 10 64 28 72 12 29 93 62 35 44 83 65 89 59 48 62 66 32 86 32 38 46 13 27 33 50 12 36 5 39 55 67 55 35 39 19 64 33 82 0 29 17 17 70 28 65 32 95 98 19 27 36 17 92 
15 50 94 27 38 99 19 45 67 74 81 58 94 45 43 28 97 73 45 14 95 74 80 28 21 30 99 48 66 68 92 33 18 86 61 9 86 80 54 5 6 35 15 0 33 59 28 82 84 26 97 79 0 29 59 21 59 10 21 77 78 13 10 49 99 71 58 37 3 12 94 10 0 10 10 85 21 91 19 57 17 16 88 69 97 48 42 56 58 15 33 89 28 44 38 79 67 96 69 71 
60 63 33 12 25 43 49 46 86 69 55 55 37 44 24 35 44 18 91 54 33 77 43 13 73 81 45 40 29 14 63 42 29 96 6 55 92 56 53 78 77 9 34 14 5 10 1 49 29 45 3 14 22 99 80 47 32 25 87 62 91 51 56 20 47 62 75 39 70 81 70 47 42 4 14 47 66 67 96 95 12 51 62 86 50 42 33 83 19 21 97 10 24 53 82 23 67 10 15 38 
91 85 37 33 41 51 80 7 71 28 55 83 31 69 70 82 63 55 17 82 28 14 44 52 67 26 28 34 36 43 24 27 80 62 12 21 65 44 28 36 72 35 20 4 4 42 38 67 97 55 49 78 69 45 30 88 72 58 74 60 53 99 40 33 13 52 54 78 97 35 67 21 70 39 77 27 33 67 94 82 22 96 60 43 41 91 83 65 1 58 26 55 9 66 88 74 70 95 52 67 
30 71 41 52 10 70 79 43 38 26 26 60 22 86 56 15 29 39 81 83 97 59 38 58 25 78 32 95 73 37 15 55 8 56 8 71 78 39 66 16 65 44 29 39 83 85 55 12 24 88 95 74 47 85 84 72 64 17 19 89 6 86 45 14 42 5 37 21 96 4 89 62 48 18 53 31 3 8 96 28 96 43 54 95 29 38 19 45 7 39 86 13 25 83 28 20 88 65 93 37 
21 82 51 70 1 4 53 56 65 49 36 61 93 90 57 74 81 76 71 88 67 57 2 45 41 82 65 81 99 10 18 21 92 69 43 45 74 96 54 39 46 90 52 91 33 61 65 14 90 36 54 9 93 56 54 86 90 19 68 90 81 86 11 26 56 54 71 82 2 77 73 48 68 25 91 53 39 56 19 81 44 73 90 90 82 45 76 72 16 44 62 98 83 25 24 91 31 47 73 34 
25 98 34 45 75 26 98 14 34 17 95 79 90 86 21 24 83 97 97 99 94 59 49 29 37 25 20 68 73 45 2 50 43 37 95 18 15 93 85 49 62 32 80 4 70 1 29 53 51 26 5 97 37 6 26 74 32 46 95 5 43 97 7 38 86 2 8 53 47 93 3 9 78 83 13 48 37 94 54 88 20 59 85 10 65 63 36 49 9 31 6 4 81 13 42 19 15 50 73 14 
44 28 23 22 63 89 22 52 83 76 40 56 87 77 18 5 40 54 54 1 38 61 5 71 74 47 42 42 98 67 56 94 95 32 68 11 21 90 63 4 19 56 12 6 33 30 11 26 37 66 79 27 27 37 98 53 36 92 47 86 60 4 32 55 36 0 18 9 43 82 65 62 38 78 68 23 60 32 49 97 98 81 24 77 18 74 82 6 67 30 93 27 86 25 34 74 78 53 83 21 
35 48 35 25 78 55 48 39 87 98 36 85 31 13 14 1 39 97 7 6 79 52 85 65 30 72 39 8 77 22 81 64 22 16 89 1 23 37 40 11 35 28 48 18 93 63 19 33 12 27 91 91 31 29 8 61 1 47 69 78 21 2 42 95 70 31 96 94 68 88 5 56 17 5 74 62 20 46 95 32 73 39 75 56 68 83 18 69 82 87 99 55 42 93 51 12 24 99 6 44 
88 63 0 57 21 27 19 41 73 67 26 98 6 1 54 26 37 72 95 71 12 46 79 54 39 30 18 15 29 77 59 69 40 12 26 61 91 98 55 64 65 81 14 23 34 20 49 71 45 96 95 57 42 74 63 33 4 81 48 85 58 59 7 51 71 33 64 62 83 19 78 0 52 44 23 87 65 24 58 10 20 53 19 14 27 34 99 83 15 47 21 26 7 28 29 30 13 93 45 97 
65 75 97 69 20 73 56 37 97 67 99 70 72 18 36 0 52 36 35 19 35 56 97 94 36 26 25 50 72 22 47 89 97 96 58 69 69 15 6 67 34 5 89 6 75 25 58 79 13 94 51 49 2 48 43 91 27 20 41 51 42 40 92 92 36 2 61 6 69 68 25 3 25 14 10 53 91 68 32 5 14 83 6 69 84 1 60 63 74 1 66 68 93 58 60 29 60 22 87 30 
42 64 33 19 30 95 72 22 64 57 79 78 40 85 99 76 86 59 39 60 12 5 81 5 63 41 87 76 15 26 6 9 91 91 29 21 87 53 95 3 10 74 33 3 11 33 79 50 92 19 62 57 76 43 62 40 85 1 68 52 28 26 62 71 17 43 44 56 96 40 59 59 66 45 62 30 78 93 80 22 12 42 79 89 86 94 81 23 95 49 75 75 27 89 98 44 32 43 53 81 
35 12 40 53 9 54 83 87 47 63 62 12 58 41 1 96 87 34 71 35 35 46 10 62 36 9 58 20 4 11 1 39 76 93 44 85 47 28 25 95 43 87 7 53 80 60 49 20 46 20 55 33 19 17 47 7 78 5 27 82 69 29 73 97 22 18 34 22 98 59 17 41 98 76 47 31 88 96 51 34 69 6 19 88 75 66 95 54 71 74 88 92 55 14 89 30 32 24 52 82 
83 21 75 34 97 22 65 37 19 16 23 40 74 42 28 1 8 75 7 31 49 96 24 57 10 13 87 94 89 39 28 25 60 3 59 9 26 24 46 97 92 21 37 18 63 17 71 23 92 79 6 93 75 30 50 37 96 37 83 85 28 11 10 88 14 21 49 92 97 47 89 41 68 78 11 83 95 83 58 39 62 65 85 89 47 35 78 43 25 61 81 5 24 43 46 90 65 95 83 14 
43 24 56 63 3 67 99 98 50 57 38 64 74 23 53 22 10 31 17 87 44 50 93 68 94 39 59 11 86 42 25 81 66 33 45 21 1 96 72 3 53 62 68 28 37 73 2 47 5 19 87 49 70 32 70 16 23 29 27 9 71 4 43 89 38 88 63 91 36 35 46 89 97 14 69 34 88 23 33 45 43 72 46 65 4 16 81 79 45 60 89 68 16 84 10 6 24 73 97 60 
60 44 1 57 10 71 43 50 94 76 47 89 1 94 54 5 62 87 85 60 47 26 28 64 10 90 70 34 15 20 46 75 16 47 84 78 18 79 29 65 56 28 6 57 22 61 14 37 0 51 97 48 29 77 64 91 68 86 25 83 58 71 11 74 19 47 5 89 27 34 6 35 14 13 44 89 26 58 26 26 62 23 26 91 0 42 83 68 81 60 4 39 84 67 66 55 14 71 44 93 
57 3 28 71 68 72 60 94 83 38 72 45 61 51 36 14 93 71 34 26 32 90 66 16 57 84 71 24 7 67 17 16 22 98 39 90 22 0 84 5 90 9 2 52 60 91 18 5 62 52 32 94 43 98 62 52 34 33 76 41 53 46 57 75 96 96 66 18 48 2 76 91 11 78 95 71 69 13 77 32 65 61 78 60 59 41 13 45 74 41 38 79 39 47 55 35 43 73 6 44 
27 82 35 39 60 30 62 30 95 91 14 60 4 92 73 63 33 86 60 60 27 98 39 19 45 46 54 41 71 60 37 99 94 24 90 55 6 4 37 1 48 51 13 52 43 86 68 29 24 80 89 4 79 80 23 76 79 29 69 2 42 6 53 36 82 95 91 40 0 80 41 0 83 7 4 79 93 24 8 70 5 49 74 36 29 97 12 60 26 34 63 68 92 68 5 75 64 48 15 64 
81 9 16 64 16 20 43 61 97 51 31 2 0 5 38 82 54 2 94 81 36 9 49 29 78 6 56 42 7 71 58 88 80 26 52 48 98 48 62 95 99 93 97 52 51 87 86 5 42 32 38 78 42 88 59 72 46 15 66 5 87 24 93 19 2 98 20 0 46 82 48 97 27 45 1 78 85 87 36 27 72 74 57 14 14 17 38 13 32 4 18 71 80 12 91 82 62 63 34 60 
45 82 57 72 80 11 3 65 50 91 44 22 65 1 88 32 18 26 45 51 82 63 74 62 27 65 44 89 80 79 1 25 61 11 50 41 22 5 58 72 96 2 47 13 56 35 45 74 14 90 77 96 54 52 59 33 69 55 75 50 86 76 27 0 87 29 93 61 34 52 86 82 6 33 96 62 20 41 89 34 84 66 83 90 70 42 23 92 49 98 42 36 75 21 36 14 51 29 76 85 
33 62 20 92 47 16 54 67 9 95 54 93 14 37 83 84 31 59 76 32 57 70 68 84 92 56 99 43 38 27 80 23 41 0 15 40 68 70 7 30 17 13 23 31 2 59 16 33 18 44 18 75 67 86 12 59 95 11 54 33 90 86 56 83 39 72 23 7 94 82 37 11 96 13 95 98 24 63 84 42 7 2 69 26 40 81 37 35 44 91 20 86 30 29 69 69 53 92 28 99 
75 66 62 71 31 57 21 55 20 57 49 80 59 18 6 52 52 44 87 96 87 60 35 17 41 4 86 94 97 67 45 72 85 7 95 16 65 68 23 37 26 72 17 37 90 24 89 94 20 29 43 7 89 78 25 30 82 63 76 79 30 73 3 15 80 50 83 97 19 6 87 97 30 4 34 21 80 24 67 0 53 10 8 94 88 85 76 71 48 4 2 31 77 58 98 9 60 34 59 31 
92 46 28 23 50 63 96 83 39 63 83 44 74 43 38 14 28 14 37 29 18 40 60 95 50 10 56 10 96 15 42 89 61 22 12 64 37 8 47 76 71 30 20 97 74 58 12 54 24 49 83 42 41 95 89 91 58 46 54 54 61 48 43 75 70 55 39 8 15 38 84 39 20 57 36 46 67 0 1 92 2 36 86 43 32 76 87 90 74 93 96 87 41 40 14 11 47 5 19 63 
43 56 2 64 65 90 62 32 91 15 76 93 52 63 88 36 91 27 78 65 20 74 4 61 14 19 25 14 24 96 77 20 52 31 36 69 21 98 2 64 14 30 9 66 93 50 2 84 77 80 1 98 6 58 11 21 77 36 87 53 33 16 73 37 47 9 7 20 8 61 37 74 91 46 92 85 96 94 21 74 26 75 24 32 33 35 5 62 24 92 67 57 8 41 94 7 50 53 28 10 
14 17 36 6 63 28 43 12 22 16 38 0 91 62 85 76 49 90 90 73 35 58 30 95 99 77 55 1 30 83 64 45 52 0 3 15 29 46 27 3 14 65 56 6 79 41 34 29 83 25 2 70 83 85 66 34 62 21 87 92 56 51 89 8 4 44 75 85 42 55 40 57 72 96 15 52 89 49 33 73 26 35 43 9 20 61 95 34 34 83 79 42 86 68 2 42 65 30 27 7 
85 68 64 57 16 31 61 6 81 94 31 7 82 26 69 54 40 16 89 74 51 68 69 90 88 71 32 5 53 12 13 38 80 29 48 48 61 9 54 94 56 85 53 90 12 22 44 52 91 33 78 42 53 99 32 94 23 65 99 76 77 64 15 9 94 63 57 55 24 64 1 32 1 54 22 65 29 67 69 20 52 0 62 58 99 47 52 22 64 3 99 93 68 14 54 62 29 63 69 5 
27 22 90 81 76 12 46 5 31 16 77 36 16 40 94 67 39 98 90 3 53 89 96 21 55 50 35 36 13 56 93 93 78 83 74 55 48 72 12 79 40 90 67 56 82 61 76 21 11 66 76 65 7 24 86 62 26 74 50 91 30 43 84 9 79 10 16 27 83 28 58 23 18 26 32 0 39 8 73 51 26 49 68 33 25 6 47 51 80 97 43 11 92 79 72 71 42 88 50 77 
16 9 52 87 87 36 39 26 96 13 29 22 14 49 7 92 56 54 43 36 3 38 99 48 70 71 71 64 11 22 41 28 83 93 67 70 82 6 48 78 71 30 1 86 79 60 78 87 15 73 76 70 64 75 18 86 99 90 50 10 64 91 90 47 36 9 69 70 16 69 49 87 99 2 25 31 62 55 18 29 29 94 52 45 22 70 31 21 12 81 83 76 24 26 75 12 35 44 83 51 
14 84 91 65 86 16 48 0 24 19 30 5 13 34 50 87 4 81 60 69 14 44 45 90 22 73 54 57 17 89 61 83 73 52 1 59 20 49 12 44 68 94 49 34 28 51 21 84 84 82 53 50 78 51 40 0 24 95 57 93 36 70 77 10 22 30 21 95 79 33 91 0 79 41 34 7 44 55 92 29 89 97 79 67 48 20 67 24 67 77 18 55 47 47 65 22 77 39 17 56 
72 8 56 52 1 42 11 46 98 3 75 87 1 6 7 1 26 74 26 45 51 44 1 99 43 18 21 20 57 90 28 82 98 37 86 52 79 97 98 29 1 25 69 54 31 76 55 10 50 81 7 2 77 60 53 20 31 26 40 88 16 21 22 66 58 8 18 37 6 68 67 59 45 36 13 29 64 20 91 14 54 98 68 31 11 21 4 42 47 96 82 15 17 5 82 27 13 0 65 71 
21 84 30 66 72 95 95 36 68 86 2 22 37 71 5 0 44 9 94 92 6 76 7 75 33 41 3 47 42 20 70 63 56 1 81 28 48 77 16 16 15 18 90 4 41 96 4 86 5 98 30 63 75 89 91 8 31 94 7 73 66 30 88 22 83 69 2 31 98 18 0 66 88 90 70 82 86 75 68 44 73 50 59 0 39 50 61 70 96 20 95 62 50 35 84 33 57 86 17 55 
56 17 73 97 7 44 79 46 71 47 42 44 97 1 97 88 4 10 59 0 30 6 63 33 42 99 66 51 86 83 58 94 52 32 91 12 76 70 58 47 69 52 43 18 53 92 7 57 2 18 10 85 24 73 18 18 72 84 69 10 20 28 5 72 60 48 84 88 19 94 87 88 46 82 7 0 75 14 9 29 32 19 14 8 44 84 79 69 21 48 31 41 28 88 65 40 37 50 28 56 
96 67 96 43 50 3 95 77 69 4 58 53 76 25 14 72 9 93 41 30 93 25 23 22 13 89 62 50 91 43 58 87 10 55 82 12 10 77 89 32 34 48 85 10 73 51 34 34 44 76 65 38 53 40 12 66 81 74 69 72 17 27 12 80 82 94 92 45 24 82 77 58 82 14 20 7 66 54 41 62 82 58 52 35 99 64 2 80 91 71 5 8 50 69 88 85 15 33 30 39 
15 59 97 49 25 17 56 43 24 97 6 6 56 10 94 7 75 48 39 18 71 44 26 21 65 67 6 81 0 88 20 67 99 18 16 25 87 72 68 11 21 26 70 77 37 64 36 64 12 76 82 35 20 60 56 38 79 15 19 79 55 39 98 55 9 66 80 49 90 0 12 12 27 82 41 16 98 78 80 62 54 14 97 26 74 6 64 54 21 35 85 76 27 36 83 36 2 63 37 93 
64 50 57 43 84 98 59 35 76 91 97 82 5 47 9 79 5 25 85 26 61 71 54 88 59 38 76 61 53 14 6 69 16 63 12 52 62 23 87 90 14 37 25 19 36 34 51 41 11 36 19 72 59 25 12 18 15 89 32 69 55 38 90 23 2 3 75 16 78 15 58 93 52 83 12 40 69 63 81 81 52 0 5 11 77 18 82 93 59 14 62 14 52 52 89 6 7 64 74 38 
31 85 31 35 68 95 75 90 11 8 23 63 60 28 26 38 46 8 31 5 74 45 71 79 49 60 37 9 77 12 47 60 97 78 96 17 73 71 59 84 32 82 99 92 11 78 30 9 38 61 15 13 6 38 92 8 51 29 17 28 93 64 88 42 42 36 60 67 60 19 4 92 54 55 84 65 33 15 74 72 28 41 37 87 80 81 95 31 62 12 11 56 76 51 98 70 88 10 89 48 
82 93 40 36 49 24 53 34 91 79 6 20 21 43 7 53 24 54 36 87 66 47 95 94 50 45 16 38 56 5 38 90 51 30 78 52 55 83 86 98 62 45 18 35 88 77 88 65 83 24 4 49 23 99 95 26 44 63 64 52 21 55 94 72 85 72 76 92 55 62 91 70 7 61 5 48 91 94 65 74 70 69 76 46 20 71 72 16 35 88 21 56 95 15 80 81 40 56 73 47 
70 16 17 30 78 23 78 69 69 95 43 91 64 19 89 36 43 13 52 30 54 73 38 49 89 70 82 81 26 56 28 96 24 46 78 54 21 56 23 90 51 19 33 67 90 23 3 85 36 56 67 90 81 5 92 70 75 74 51 53 82 32 2 7 78 80 61 51 89 37 93 92 8 26 60 50 1 15 36 38 23 3 80 5 61 72 27 36 47 31 42 29 63 44 88 93 24 50 44 13 
39 89 58 47 15 18 97 17 85 33 7 9 89 39 66 50 12 93 38 11 24 80 92 39 76 81 32 1 31 28 66 22 17 24 69 85 94 18 54 32 52 13 41 93 52 7 95 16 52 33 79 29 66 72 68 42 53 53 95 36 33 14 58 3 90 79 88 37 97 94 69 1 59 62 94 11 69 41 80 73 75 11 2 93 83 71 87 88 24 83 76 57 97 86 60 39 65 0 76 15 
46 45 16 5 7 63 69 28 4 1 2 31 12 4 76 48 27 64 36 3 47 65 13 96 51 25 35 69 78 64 84 24 9 52 30 69 67 99 49 24 0 51 55 12 8 84 12 87 48 49 91 47 14 4 95 17 81 30 38 59 46 22 84 8 27 14 77 94 65 26 18 17 30 26 81 90 10 94 77 58 43 20 57 9 24 52 78 58 34 17 17 81 91 1 89 18 67 66 13 32 
44 31 1 26 9 83 16 19 77 46 29 72 66 86 81 43 38 11 1 73 28 18 6 20 72 95 90 39 13 3 24 9 87 25 36 48 8 4 68 37 50 97 9 69 36 42 12 26 54 65 51 34 35 57 6 7 4 97 99 17 52 75 27 91 0 15 40 61 71 60 98 22 9 60 43 45 2 7 72 56 72 75 43 7 33 49 67 37 98 66 7 51 41 86 94 93 1 34 6 72 
94 57 46 4 17 41 1 19 48 25 28 20 1 71 80 34 72 47 23 71 65 30 22 58 68 16 3 21 3 10 46 49 19 92 5 36 86 7 55 34 32 35 7 85 6 39 19 79 38 95 2 3 77 76 13 46 92 16 67 47 78 13 49 97 58 54 33 96 13 41 30 46 28 89 31 87 28 3 18 66 50 20 21 27 96 86 25 40 55 45 88 33 10 89 31 20 43 16 16 57 
9 47 55 38 88 38 25 69 41 43 35 43 15 9 71 11 47 48 51 2 93 91 36 56 80 19 76 24 87 93 33 49 92 88 87 80 26 64 49 20 59 37 63 74 98 86 85 45 87 88 48 32 80 36 88 12 55 65 88 94 58 21 43 50 61 30 82 40 46 32 60 57 21 75 31 19 14 68 16 1 9 64 33 41 0 22 53 7 87 42 2 97 15 45 47 77 28 81 17 74 
13 29 84 86 4 15 5 70 36 22 71 45 38 57 86 91 31 91 98 18 85 0 67 1 98 66 30 26 47 47 52 13 76 36 99 32 4 5 3 92 79 26 89 69 83 75 60 14 18 59 84 4 11 51 5 9 69 87 35 17 34 40 30 62 28 29 46 32 86 49 76 17 28 65 87 11 92 47 78 11 58 62 67 70 66 24 79 35 11 67 4 45 59 86 59 87 68 5 72 6 
7 48 24 35 66 63 46 58 62 76 69 21 39 36 91 57 60 22 44 71 41 1 68 52 87 79 40 55 85 64 62 92 64 38 79 30 1 77 89 15 54 10 36 45 99 79 2 59 54 98 83 47 99 3 0 39 83 40 94 20 56 8 64 20 98 43 51 51 20 92 67 74 2 55 19 1 87 73 13 41 24 48 88 23 3 40 14 86 32 61 58 88 69 22 61 20 65 12 71 38 
56 38 12 58 46 84 12 33 57 77 26 33 25 14 57 80 55 23 19 39 84 77 28 6 0 89 26 17 53 97 55 9 88 20 19 34 4 83 19 13 60 45 47 37 59 56 18 66 79 37 6 64 14 86 22 66 75 48 84 80 97 91 89 85 11 60 71 15 44 90 81 4 35 28 94 47 84 12 65 15 49 23 31 15 9 53 82 36 1 18 16 99 9 57 36 73 18 8 88 14 
50 21 70 86 49 64 85 85 28 50 1 29 74 84 45 35 38 79 24 91 97 40 42 58 50 79 31 68 39 72 34 41 93 4 79 95 21 64 80 49 15 33 79 41 18 76 28 8 55 52 51 52 45 94 62 95 25 94 15 16 18 49 57 11 5 37 6 26 1 39 28 68 24 7 61 42 83 90 2 90 94 54 42 39 0 56 34 25 2 49 93 20 50 50 84 56 39 90 34 93 
81 62 13 6 21 75 0 56 17 3 46 11 9 40 3 61 97 37 86 99 39 31 72 89 81 56 97 73 98 32 66 80 46 79 86 20 6 38 76 75 93 23 39 2 15 42 63 12 31 1 64 70 32 36 12 66 44 61 39 42 45 57 74 44 88 12 64 95 51 40 22 44 15 61 99 31 3 14 95 35 68 59 57 52 47 21 18 43 35 9 86 80 18 60 76 7 73 40 54 24 
81 76 20 48 38 19 79 93 86 75 80 54 86 90 6 86 11 77 29 98 86 15 31 57 28 7 64 53 48 18 77 81 46 49 29 84 21 61 78 7 88 10 61 74 0 19 12 64 96 42 62 35 9 93 92 37 53 8 90 1 78 19 34 24 21 15 9 42 76 39 49 64 49 62 91 50 81 3 66 30 97 28 17 7 74 9 96 27 17 39 80 47 58 14 71 31 81 32 73 58 
71 22 74 73 36 17 75 70 21 41 0 70 21 17 77 95 78 74 22 47 13 54 94 23 20 65 55 2 98 80 12 21 3 38 46 91 56 73 61 29 66 61 99 88 30 77 83 60 3 58 7 68 12 53 43 33 19 98 87 69 79 99 42 34 37 89 77 45 14 39 74 81 52 74 69 35 3 4 95 58 14 3 26 79 56 69 64 27 20 51 48 51 2 91 37 39 32 14 85 98 
5 11 79 58 85 0 93 40 57 88 50 71 43 76 50 52 98 66 31 70 17 80 73 19 23 62 11 7 28 48 5 34 59 85 44 97 37 37 37 94 77 88 18 73 16 68 25 66 35 56 88 4 88 13 76 11 75 87 70 4 35 76 90 94 13 34 91 50 71 81 45 0 21 63 73 89 83 50 56 70 59 96 75 47 62 51 11 37 90 81 93 25 9 83 71 22 17 63 73 40 
96 70 41 17 33 66 6 68 17 14 39 28 63 66 27 25 69 90 14 11 72 8 36 81 43 59 4 61 74 29 53 70 99 46 87 84 13 46 52 82 12 43 10 75 61 89 52 82 80 67 93 4 75 81 85 70 41 41 31 15 22 37 86 21 83 25 5 96 23 10 30 36 5 92 63 67 82 16 1 14 35 95 18 62 76 55 32 69 97 16 85 71 53 23 93 36 0 50 85 24 
12 67 12 18 60 27 37 94 95 38 8 30 33 26 44 62 81 77 31 30 93 68 2 98 91 47 34 44 49 71 20 62 39 32 80 99 11 69 45 7 7 53 89 93 31 34 7 12 63 90 95 56 59 97 54 2 96 40 46 45 12 66 7 51 50 39 2 14 8 47 73 68 52 62 13 83 48 20 47 11 62 42 19 21 91 25 76 87 66 74 33 30 93 92 33 95 32 35 9 92 
34 82 12 38 97 25 21 45 97 68 9 12 63 80 33 54 6 61 94 24 36 79 54 29 71 39 24 55 74 34 0 60 68 12 98 17 90 71 63 39 91 24 51 54 4 37 61 62 98 55 86 86 34 92 15 57 31 92 13 57 78 65 69 46 77 67 64 19 90 79 11 82 55 62 36 11 51 49 74 2 4 12 88 90 57 4 0 40 48 65 98 26 30 19 24 59 87 40 79 77 
71 90 11 26 4 48 38 56 97 64 58 54 28 46 96 85 2 96 26 50 61 76 28 43 95 53 3 34 45 34 64 17 24 75 43 28 75 33 36 25 49 94 31 78 93 27 15 47 76 93 50 89 69 78 85 17 83 88 3 29 22 67 46 98 95 41 26 22 75 15 47 76 61 78 6 54 58 22 2 86 15 52 27 37 82 12 6 66 0 9 95 74 29 93 72 24 34 51 46 61 
66 46 38 27 76 44 34 86 18 88 72 86 92 52 23 74 64 29 92 17 90 87 43 19 32 16 43 67 19 42 28 85 88 66 64 64 63 98 3 81 86 27 67 30 79 42 5 96 23 97 65 14 37 8 33 69 76 29 88 95 71 17 80 11 35 97 27 98 95 30 32 34 58 51 16 89 94 21 85 17 71 50 31 60 59 17 81 87 46 70 83 17 39 63 80 74 12 7 25 8 
38 57 94 48 60 10 37 54 84 23 24 7 25 7 19 36 24 0 24 70 22 7 39 61 22 19 88 35 27 13 95 17 22 89 17 34 51 54 89 87 29 65 94 55 72 13 91 49 66 67 19 88 74 11 2 97 30 90 84 9 55 79 78 29 20 95 63 71 2 4 59 31 69 5 38 94 19 82 95 37 49 66 77 24 77 79 73 60 21 57 69 28 88 0 57 8 95 73 79 97 
77 90 81 99 48 19 45 19 1 40 56 51 6 33 27 36 13 0 96 86 9 17 15 97 17 24 5 65 97 36 62 27 79 43 78 27 15 23 46 16 15 2 67 73 87 46 9 52 46 57 39 7 75 6 56 44 30 13 9 80 50 72 59 81 67 37 8 82 12 6 51 27 60 18 52 47 17 62 0 63 71 91 23 46 97 79 91 79 93 0 59 95 24 18 76 44 7 36 26 19 
94 77 46 6 48 51 53 65 13 5 80 36 48 55 83 45 35 26 77 80 78 88 27 3 59 55 99 66 43 77 86 37 55 84 43 55 35 48 72 0 6 4 37 54 60 72 52 47 50 29 79 28 17 6 83 76 61 82 43 4 60 81 41 67 65 36 74 53 84 46 53 42 2 42 97 62 14 49 61 64 78 40 45 95 46 28 24 7 63 19 63 23 0 4 42 17 92 16 70 29 
14 24 71 16 18 68 31 33 69 92 49 47 33 46 95 79 75 19 39 90 90 2 13 90 59 7 7 51 23 78 32 89 54 56 5 72 24 88 57 46 81 59 93 14 5 40 45 32 11 84 22 1 39 35 91 98 94 99 1 69 29 34 58 83 90 16 7 66 4 17 12 37 76 58 51 81 98 49 14 10 85 36 63 24 24 55 22 18 6 76 40 35 62 98 70 4 14 29 70 71 
46 35 8 22 93 12 56 43 61 70 5 98 58 69 23 34 76 97 5 82 73 45 69 87 43 91 91 10 20 62 33 67 49 41 41 94 5 97 89 66 19 95 17 30 16 40 64 92 89 69 74 63 14 95 2 10 86 94 72 6 8 5 25 57 98 67 3 4 16 92 22 88 87 39 18 55 79 34 47 69 56 73 84 70 68 86 32 54 32 4 13 40 9 38 97 8 57 52 64 74 
45 86 62 84 26 32 40 5 66 87 26 22 13 62 45 81 1 29 88 33 34 1 74 95 39 23 55 49 76 19 23 21 58 37 5 84 21 97 41 87 37 68 62 50 82 7 31 83 36 19 17 22 20 43 70 12 66 25 61 42 97 36 15 55 25 73 39 46 70 32 33 7 52 47 57 35 54 41 18 43 60 87 17 33 30 87 97 49 65 58 91 62 46 59 69 71 32 60 17 2 
92 2 62 45 50 71 80 4 12 50 99 73 90 69 58 20 56 55 21 21 65 13 35 11 24 4 82 56 64 99 10 9 1 24 54 3 96 86 8 8 88 59 33 78 28 91 51 37 46 72 58 11 37 46 22 61 50 56 69 67 7 80 76 61 4 82 64 0 68 24 61 56 84 94 87 64 86 90 1 84 62 12 96 52 58 70 13 60 27 83 79 34 15 55 47 71 89 12 24 57 
36 85 66 72 79 5 37 65 95 90 2 57 2 98 61 12 20 75 25 47 10 4 34 77 12 81 48 1 45 72 59 82 57 77 54 89 82 43 6 77 34 8 86 88 6 48 1 27 75 26 26 37 30 12 14 42 46 62 96 91 87 7 25 96 84 80 85 18 23 92 95 9 0 33 98 59 81 99 38 8 77 64 45 59 29 59 54 75 74 50 18 61 57 44 57 41 76 95 11 51 
87 6 61 87 91 59 98 73 10 36 33 39 1 79 98 82 90 52 9 16 54 27 77 11 23 87 4 99 34 15 51 21 73 64 60 65 75 59 90 85 95 23 76 48 54 26 82 45 31 91 61 85 19 91 49 42 30 53 94 64 21 45 37 46 61 97 11 36 8 53 73 56 77 49 56 83 75 39 28 6 30 42 92 1 85 93 96 67 98 90 31 19 87 20 66 48 17 29 84 78 
83 57 34 12 6 42 95 33 81 76 40 64 70 84 65 7 29 13 74 27 3 57 47 42 77 65 90 46 46 26 24 29 83 10 93 41 53 41 27 34 69 19 50 39 3 16 98 84 81 72 11 85 29 58 27 6 75 70 52 22 96 77 3 32 87 49 25 92 90 52 27 11 71 77 2 26 45 0 10 27 72 22 64 1 32 43 59 8 13 11 82 62 40 85 94 80 34 19 72 76 
72 51 87 95 81 89 22 26 41 32 5 13 54 21 66 87 65 25 47 30 37 29 92 29 66 38 9 1 10 34 29 34 85 69 29 66 10 51 45 52 84 2 17 90 24 84 29 41 9 28 71 98 57 16 28 24 54 37 77 64 23 58 98 9 27 80 27 90 31 72 42 67 75 11 10 51 95 91 92 5 20 63 3 29 31 83 5 86 73 34 2 96 93 53 5 72 33 33 62 16 
57 56 84 84 20 46 35 15 37 79 72 57 43 76 87 74 11 92 12 84 79 67 81 72 72 38 96 5 71 11 73 81 19 57 65 39 3 53 55 93 32 27 50 75 55 89 2 67 34 66 51 13 33 32 37 5 71 33 62 94 44 36 75 64 45 93 3 1 46 58 94 78 38 96 6 93 38 8 60 72 26 64 85 12 48 74 69 71 7 32 66 52 20 93 16 17 86 19 70 32 
30 16 63 68 13 69 61 51 29 74 75 55 38 12 67 86 86 37 58 93 21 76 45 93 21 13 62 8 85 33 92 15 49 55 35 14 76 48 17 5 74 92 13 12 4 80 51 42 69 61 36 42 89 33 35 10 47 98 18 84 83 63 51 32 70 86 99 47 86 16 4 61 61 17 25 65 50 76 8 71 89 96 14 78 29 1 89 28 51 59 12 34 74 63 19 45 1 18 44 88 
