100 100
99 9 64 99 30 54 4 96 45 53 7 26 37 40 34 61 63 77 9 89 73 92 22 95 95 10 4 82 75 95 60 26 4 76 77 86 30 34 82 27 87 42 53 24 82 39 37 45 68 46 87 94 90 9 89 86 19 93 68 46 88 80 73 44 56 50 30 38 36 65 65 23 7 70 99 41 61 36 87 29 35 74 23 25 35 64 63 6 58 83 52 98 15 77 95 23 80 77 61 16 
94 26 92 53 96 91 95 57 28 82 39 63 8 14 40 95 79 56 1 89 91 5 87 7 35 34 30 15 12 92 83 58 18 27 12 67 19 7 76 99 41 15 14 1 30 6 96 61 62 97 50 54 2 89 13 37 24 43 4 88 87 40 46 58 67 58 25 38 17 53 37 10 69 51 11 51 58 7 12 72 4 62 78 59 3 91 48 27 87 5 67 74 45 66 84 64 76 61 3 94 
15 40 4 84 44 68 87 2 75 99 74 32 13 53 43 16 96 91 96 83 96 63 10 93 81 46 10 58 8 13 4 75 5 60 11 49 28 98 3 4 97 30 88 10 83 31 78 31 22 74 67 71 90 29 16 71 75 26 81 83 91 85 10 97 98 21 98 26 19 2 82 16 32 70 78 67 1 9 50 76 83 17 99 25 46 67 97 22 46 30 57 37 68 68 86 66 41 37 92 61 
39 27 29 23 97 60 42 51 69 92 79 52 10 30 30 8 97 27 30 43 9 40 33 77 60 19 43 1 56 88 14 47 15 44 70 64 56 12 15 25 5 46 29 67 76 59 75 74 38 58 69 48 50 2 25 10 22 21 63 30 9 78 78 76 74 0 40 30 65 8 7 22 6 36 89 83 96 16 9 86 74 30 34 76 33 12 86 7 33 2 37 94 32 67 22 58 20 14 88 85 
74 47 7 81 83 96 16 31 64 77 18 91 7 52 67 40 16 6 47 49 8 37 95 92 56 17 50 76 32 90 61 6 37 68 39 20 16 55 4 33 32 22 24 40 26 91 32 43 97 80 44 57 69 92 49 25 61 99 54 45 89 15 52 78 36 43 51 4 51 55 37 83 29 61 75 55 5 8 50 2 40 47 60 61 91 9 38 52 61 92 98 2 8 2 81 96 45 32 0 96 
87 90 32 16 51 7 23 56 67 26 11 7 73 23 68 16 84 7 68 45 99 66 48 59 68 29 7 66 13 60 62 0 50 94 68 1 54 43 10 21 69 73 29 94 96 49 10 80 8 79 26 60 45 26 71 66 7 79 32 20 39 46 72 89 41 40 42 95 83 4 68 5 77 49 99 73 99 10 54 7 41 32 19 38 58 91 56 65 70 88 37 61 35 9 50 28 1 44 75 84 
49 43 89 78 93 41 52 44 3 58 3 44 90 23 34 0 14 91 17 84 31 54 97 66 15 47 46 16 43 21 0 92 17 42 71 62 35 75 6 38 33 9 34 75 32 68 75 46 11 44 82 43 98 79 9 65 78 56 81 22 29 81 66 46 75 37 8 10 64 66 0 97 76 34 24 60 3 51 7 66 95 41 9 45 73 71 10 51 79 91 25 8 25 92 7 0 81 67 63 46 
34 63 95 62 50 20 22 5 71 81 71 67 23 81 12 48 52 75 51 31 66 77 39 43 21 98 44 2 66 59 0 52 74 96 14 24 68 36 29 39 18 1 58 93 82 23 41 86 98 92 17 16 21 8 60 42 7 56 97 25 15 49 77 41 97 43 66 65 79 47 57 49 48 15 42 82 38 83 68 88 28 85 5 49 46 65 44 53 21 93 30 88 94 59 29 92 2 47 9 33 
95 66 83 95 82 25 78 72 61 46 61 89 84 18 90 30 35 86 35 8 31 65 96 26 76 77 18 78 77 79 11 72 46 94 19 80 72 97 52 33 96 65 74 80 35 16 62 70 3 49 78 86 66 26 12 42 4 82 20 33 62 83 57 60 30 76 40 2 74 44 87 22 62 61 2 97 29 16 20 84 65 98 71 31 77 35 73 33 70 45 66 84 80 23 44 10 99 36 64 25 
80 51 47 94 64 1 44 46 17 64 30 34 14 53 65 91 89 90 76 59 87 42 43 68 17 39 78 17 75 95 94 55 98 42 50 63 43 46 9 13 10 91 47 76 45 65 20 34 55 96 45 43 39 40 63 56 79 41 25 54 88 20 9 87 14 11 50 9 57 11 22 19 54 22 96 99 87 16 85 94 64 30 89 55 22 52 64 1 46 89 55 34 61 17 21 27 28 23 37 38 
86 11 57 41 85 5 92 24 73 78 19 90 60 60 45 83 13 9 84 11 51 92 45 12 9 19 40 89 42 29 27 81 40 37 22 26 94 66 50 20 44 21 10 57 82 55 40 47 65 76 58 16 68 55 80 77 74 72 67 69 1 46 2 94 35 76 72 30 42 74 2 87 48 12 96 82 67 36 29 84 64 39 52 33 46 33 62 73 57 81 94 11 28 96 5 15 72 29 97 66 
55 99 53 3 11 1 85 31 37 66 15 54 5 68 87 4 53 1 77 10 83 71 21 63 67 78 78 91 7 76 57 63 27 63 18 39 64 4 70 54 70 37 8 28 5 47 32 58 48 9 21 83 32 42 46 51 21 77 42 80 5 51 95 32 14 14 23 31 18 93 85 40 83 45 20 88 92 52 99 92 13 20 76 97 14 74 48 87 51 42 68 56 94 15 41 8 29 64 91 99 
10 28 92 93 73 12 33 17 17 84 62 30 56 38 80 71 64 28 10 16 71 78 24 65 46 65 25 75 82 17 27 44 45 19 37 71 31 22 88 48 7 2 31 63 40 11 86 57 91 97 73 62 27 49 27 73 67 5 1 49 74 28 93 19 47 82 42 30 4 83 79 63 85 62 79 78 25 65 35 16 14 8 79 94 57 58 67 24 15 20 25 89 48 70 61 47 52 3 78 9 
86 9 72 72 23 3 50 48 21 85 64 35 45 95 29 54 54 49 31 21 21 56 11 70 27 72 17 31 75 47 40 62 56 13 86 79 68 36 79 89 73 44 25 18 39 6 72 45 7 3 67 29 60 30 51 39 2 20 70 77 68 11 91 76 76 77 8 44 65 87 34 38 83 11 56 75 69 81 72 77 84 39 58 96 69 9 35 23 81 58 53 49 69 44 78 97 74 86 93 91 
25 79 30 9 90 38 84 12 19 56 41 4 48 99 52 69 60 40 93 41 98 98 43 19 94 21 68 20 59 61 12 84 41 42 93 83 32 29 95 52 86 36 8 86 87 12 7 99 52 52 41 50 50 36 69 45 9 37 65 68 51 29 52 44 23 98 27 56 27 75 60 65 63 20 51 51 32 11 2 85 63 43 87 14 31 9 11 40 98 28 8 49 58 61 93 81 11 73 37 38 
0 49 4 63 69 7 66 2 18 69 39 34 64 26 48 96 35 11 88 34 39 97 35 97 10 81 79 21 6 68 59 6 18 15 21 87 75 88 41 93 9 80 79 73 59 27 21 94 90 10 80 30 59 68 79 21 49 58 42 7 79 53 13 49 21 34 88 96 74 30 41 35 62 21 61 21 0 82 68 91 44 0 73 55 68 52 76 69 63 70 76 42 76 89 91 49 76 79 97 2 
61 90 38 24 11 51 97 64 85 65 7 82 66 80 37 86 32 66 56 95 88 32 89 64 74 32 65 2 12 62 56 73 53 46 49 16 97 47 80 83 12 39 65 30 19 54 17 4 20 25 51 9 9 41 25 83 73 91 37 37 53 94 63 58 92 12 75 90 11 7 25 76 47 90 6 66 96 75 22 17 52 74 78 62 15 3 97 40 46 87 30 52 33 93 10 25 57 85 15 69 
93 92 45 40 34 3 58 31 31 81 48 83 7 78 97 74 81 95 14 80 34 44 32 67 89 42 92 47 80 60 16 73 52 13 65 87 16 23 18 47 56 18 83 63 96 80 37 29 27 4 9 61 48 41 28 38 36 21 37 16 33 53 41 85 66 6 72 34 81 90 34 38 60 17 1 56 97 91 86 77 95 47 38 95 41 19 33 77 92 22 45 25 75 86 10 93 92 35 28 73 
77 62 11 38 31 65 94 80 56 32 57 51 80 48 98 21 67 32 50 11 6 95 36 82 81 98 27 73 33 55 98 11 69 10 49 0 27 95 81 35 28 90 38 60 38 36 33 57 20 83 20 27 78 8 9 11 7 88 84 92 96 82 55 65 44 56 18 23 52 51 58 32 93 96 92 84 33 77 93 53 60 14 32 90 22 93 1 81 82 85 74 78 19 81 95 16 38 65 39 42 
68 50 74 62 46 18 46 31 95 39 37 7 5 69 97 28 63 98 9 97 35 35 75 6 17 22 74 7 88 14 49 8 16 75 70 14 93 68 46 40 60 35 47 65 56 96 93 71 94 55 68 81 42 95 87 59 70 62 18 10 28 67 18 96 94 89 10 87 9 56 79 69 43 78 35 0 74 28 23 20 35 92 53 78 39 41 89 9 55 8 19 35 27 38 31 22 79 41 61 40 
50 41 10 45 19 45 45 46 25 69 18 61 13 72 91 52 65 80 14 20 88 85 7 16 75 90 90 6 31 51 47 33 92 57 79 64 54 76 62 79 97 80 92 62 52 83 67 69 64 81 41 4 66 48 72 42 38 62 0 22 66 47 7 10 4 38 26 10 67 88 42 64 21 34 79 25 70 46 95 86 27 36 42 45 37 15 39 27 29 40 49 95 39 9 58 44 47 84 6 14 
73 48 31 46 35 10 71 5 56 18 43 35 7 85 32 44 52 72 71 82 64 73 29 3 82 87 99 29 24 6 44 97 6 27 95 41 37 18 46 93 37 89 80 44 27 12 40 79 36 11 13 52 84 43 8 66 82 7 48 6 65 44 55 72 71 2 13 8 21 12 53 58 53 85 54 80 97 94 12 86 57 25 38 42 20 46 60 3 6 8 61 23 4 69 95 75 71 61 35 92 
25 40 2 30 25 56 11 23 2 75 61 60 0 99 2 21 98 14 76 4 75 89 27 79 58 75 55 30 88 90 74 13 83 77 43 8 85 6 83 88 33 44 0 34 44 2 7 42 68 83 98 43 72 77 23 83 52 30 13 92 72 87 5 55 16 1 64 2 59 47 42 93 92 42 79 88 96 86 82 64 21 80 60 93 9 83 76 14 13 41 6 85 81 12 93 97 65 57 51 76 
56 93 21 48 35 0 88 83 38 70 48 59 2 8 5 12 43 33 26 8 75 32 93 8 96 86 57 13 95 9 42 52 54 63 52 42 16 41 25 6 63 25 66 66 85 23 30 28 56 8 36 83 92 82 91 41 20 49 54 16 10 48 20 64 12 72 58 80 65 84 86 29 61 4 47 47 27 77 27 36 37 16 19 29 98 63 70 70 64 77 38 26 25 58 90 89 83 1 21 48 
37 60 77 98 64 24 97 44 53 25 80 90 41 51 72 91 14 94 13 78 71 52 4 49 62 47 90 97 0 12 98 37 72 27 35 88 52 85 32 57 10 64 0 3 16 72 46 30 66 59 61 90 63 17 39 78 16 81 27 16 93 25 53 17 53 41 58 57 26 90 14 88 55 14 91 71 38 89 53 5 0 14 95 16 84 86 94 0 67 73 17 13 99 22 82 4 15 40 61 93 
83 27 81 38 42 24 61 32 13 14 37 14 81 32 82 17 18 28 17 38 1 86 51 52 61 33 56 76 74 17 70 57 45 3 47 39 28 60 71 93 26 61 59 59 93 41 76 64 69 94 54 71 32 5 23 93 90 32 22 16 49 44 25 46 47 24 37 27 84 9 21 11 22 32 70 15 74 99 31 43 93 85 66 77 42 42 23 33 74 97 1 75 41 27 22 40 51 11 20 36 
20 93 99 42 25 21 10 99 20 93 95 65 31 13 43 25 55 18 58 81 15 12 9 8 39 83 0 42 94 20 30 67 13 29 9 39 51 71 38 71 17 85 89 48 99 32 73 6 50 84 40 17 48 49 25 87 32 25 29 78 98 60 45 11 41 7 50 44 78 41 68 47 78 57 95 77 89 21 36 91 57 76 60 5 77 85 44 9 62 25 87 60 37 33 72 79 40 74 23 70 
67 91 18 46 48 65 75 89 38 11 32 47 87 92 52 64 29 48 25 92 74 65 52 11 50 76 42 42 3 66 64 70 9 82 68 10 0 44 51 90 55 84 38 95 28 42 59 58 91 37 50 17 2 54 28 4 31 23 46 86 41 10 8 50 45 77 12 97 73 64 87 80 0 77 75 28 20 87 86 63 24 36 80 78 43 60 82 26 83 80 12 24 90 72 27 87 1 91 84 74 
55 72 55 7 49 82 36 21 21 74 84 97 63 16 75 6 77 9 32 12 41 96 89 32 68 16 19 70 59 4 96 15 28 3 74 29 86 62 51 7 37 35 57 0 4 32 58 33 94 42 45 35 38 34 19 58 2 91 28 14 47 77 29 75 80 55 4 18 18 55 78 55 43 35 7 47 19 65 80 13 7 77 1 45 64 72 3 18 63 84 32 10 61 13 37 93 69 42 12 87 
49 90 94 44 77 1 43 96 66 75 62 25 53 63 22 69 87 77 87 51 61 72 13 74 85 51 20 6 45 84 93 46 26 39 91 3 40 34 99 58 10 61 83 15 76 5 84 16 83 23 67 96 95 32 23 81 83 43 87 80 27 33 27 53 72 70 8 65 4 7 23 66 21 59 33 49 16 17 65 51 93 84 48 88 69 23 21 52 18 9 85 97 94 64 2 18 34 10 83 38 
69 59 57 42 70 90 92 86 60 9 38 53 46 38 41 15 61 15 19 31 76 56 28 70 20 30 40 54 40 76 45 61 87 2 4 57 44 48 95 4 57 33 9 55 23 3 22 36 18 94 67 94 50 95 16 71 77 56 25 69 32 70 31 19 24 35 28 69 83 24 25 92 9 87 0 33 90 22 21 60 16 89 6 67 36 22 90 14 30 15 83 63 38 14 34 14 1 15 35 84 
39 13 29 48 0 29 33 42 51 7 54 20 96 60 39 84 82 29 50 12 96 86 27 86 52 14 1 54 29 36 38 68 49 19 68 1 48 54 43 52 61 97 72 9 57 11 93 91 92 96 4 88 82 83 75 34 97 76 88 26 64 79 46 14 98 15 67 47 21 11 99 82 60 23 43 70 34 36 61 78 84 17 66 66 53 41 1 50 69 89 29 34 20 75 0 19 42 67 18 63 
30 69 97 43 44 40 13 30 77 26 8 61 96 74 80 49 68 81 99 89 22 80 23 95 56 75 14 98 95 84 14 25 5 11 68 49 52 33 79 29 60 87 42 8 13 74 57 81 55 8 71 30 89 46 25 45 22 91 95 69 27 9 94 32 21 15 33 73 0 12 54 60 51 48 20 64 23 77 98 30 86 69 60 27 15 37 72 89 28 19 58 55 81 5 39 2 72 72 27 72 
36 33 85 39 33 5 4 56 35 54 39 21 23 51 48 90 89 72 32 69 43 42 77 24 99 16 26 71 41 5 96 29 38 33 69 72 38 25 80 73 79 19 46 54 23 46 44 12 18 28 81 14 71 10 38 70 27 17 94 20 22 90 49 13 23 70 37 13 95 17 39 26 89 85 80 64 32 77 76 2 5 9 68 76 20 7 99 99 24 93 19 98 83 20 11 58 91 48 71 38 
18 10 65 59 96 97 75 80 74 51 34 32 12 3 60 84 62 59 83 86 52 54 84 87 75 48 45 18 48 69 56 18 79 73 29 27 71 4 59 97 55 46 29 20 49 90 4 63 1 40 49 6 46 85 45 73 33 43 91 34 12 0 52 91 73 82 19 96 86 78 94 94 24 75 14 25 17 70 88 19 62 89 77 9 27 22 82 60 65 26 94 77 26 99 21 51 81 92 48 67 
22 94 61 47 69 75 24 39 98 65 58 60 6 87 69 33 61 4 46 79 30 92 8 8 91 29 59 72 21 7 92 44 1 53 43 23 81 19 62 79 84 72 91 43 11 61 76 72 17 74 51 47 67 60 55 10 89 66 35 63 74 27 59 27 80 2 2 13 73 16 44 10 88 36 53 99 49 81 24 66 56 75 65 75 87 72 85 77 38 20 92 64 99 51 44 32 5 98 45 78 
15 90 40 55 78 93 7 27 75 31 45 83 58 62 58 46 34 95 75 24 68 19 41 67 70 37 99 27 35 45 57 2 87 98 58 65 91 17 44 18 0 89 1 58 51 11 56 37 7 31 13 75 50 54 42 72 91 42 51 79 39 9 81 78 59 91 95 2 8 39 73 8 80 74 19 83 38 75 20 45 59 33 72 61 40 66 86 31 60 37 10 99 98 44 29 57 35 24 12 96 
63 85 56 43 11 75 26 49 3 98 46 14 84 18 75 24 85 61 55 45 51 18 97 49 62 26 59 49 51 23 45 66 8 2 62 19 29 40 21 32 39 67 46 23 86 74 47 23 35 54 20 38 24 17 40 38 96 99 88 99 74 33 65 82 87 79 53 17 20 74 1 59 42 48 34 80 22 33 3 9 39 23 0 64 93 40 2 89 91 42 88 65 28 5 47 15 85 0 32 5 
75 34 16 69 34 2 49 8 87 52 69 26 27 69 42 20 9 97 9 52 39 49 17 67 55 16 83 40 69 67 97 44 53 65 65 87 19 14 47 6 18 17 32 45 38 27 66 0 24 75 52 63 25 22 83 32 38 66 72 7 85 21 3 39 38 68 78 57 34 26 63 52 95 47 98 33 74 64 85 98 91 90 14 16 12 97 48 50 15 72 10 0 45 13 91 83 34 70 40 68 
48 3 21 43 3 71 28 77 35 14 76 78 56 42 95 68 39 95 70 54 20 80 6 65 46 98 1 80 68 41 0 16 97 21 11 0 44 39 29 31 5 57 10 13 99 57 81 90 4 52 96 24 84 3 42 30 53 43 10 21 36 11 89 85 84 52 37 81 43 67 12 1 76 22 14 76 79 96 66 84 0 15 60 84 18 2 67 71 97 29 44 86 92 85 23 77 37 13 58 32 
32 22 33 8 45 48 36 76 96 55 60 96 70 21 32 88 75 99 11 25 29 7 63 73 44 86 2 33 99 12 65 31 35 99 92 80 99 28 56 95 83 69 91 53 42 75 93 17 27 56 94 8 15 57 81 11 44 84 44 95 96 62 79 31 61 71 63 60 51 72 55 87 41 98 40 83 25 86 52 52 94 47 60 10 56 42 21 0 78 18 48 74 80 27 58 93 50 21 53 53 
93 60 40 86 10 33 21 35 19 74 40 13 73 0 75 29 94 49 82 72 67 82 99 99 61 57 92 11 30 45 16 76 57 57 62 19 90 84 54 61 10 46 26 83 47 54 64 93 3 98 18 22 80 17 21 41 26 13 4 8 58 21 84 67 30 99 86 72 83 92 33 45 39 11 80 38 65 44 83 68 95 1 90 75 70 11 69 96 76 25 5 86 98 41 53 28 40 91 0 75 
84 85 20 75 49 0 13 14 97 48 83 92 50 25 19 20 89 40 69 65 66 26 52 64 67 57 45 8 49 97 83 85 35 56 60 84 56 25 98 5 73 33 49 75 11 21 96 0 61 17 17 79 43 21 44 10 31 89 70 80 38 54 17 73 10 29 57 18 6 56 76 31 89 25 7 0 46 55 52 8 72 22 39 15 95 83 77 26 24 48 58 63 54 75 36 16 4 46 34 10 
2 10 42 43 88 1 96 34 56 0 94 80 22 34 47 18 69 24 44 94 72 55 9 26 30 97 42 87 43 29 49 97 39 43 93 79 44 41 14 52 41 60 32 16 94 79 86 64 56 82 10 28 37 71 55 68 20 49 7 16 78 56 13 70 0 58 49 44 99 15 49 93 76 81 9 70 13 47 86 69 29 48 97 67 71 4 87 92 6 94 8 84 50 73 54 50 32 56 47 83 
71 96 76 47 29 37 70 42 84 8 63 14 9 13 33 80 17 20 72 23 66 32 60 68 6 66 19 90 22 18 25 46 14 2 45 43 91 15 38 76 76 1 42 85 14 75 65 84 47 90 59 65 22 71 33 80 38 52 70 12 70 96 58 36 50 4 32 41 71 70 69 47 23 11 84 38 38 50 74 37 92 85 2 14 57 36 95 47 40 17 59 63 65 18 51 15 22 83 9 45 
53 78 93 77 42 77 67 80 79 93 18 71 78 72 38 87 8 33 34 1 2 94 64 68 64 15 83 86 99 92 31 4 23 76 33 65 6 0 45 85 93 15 57 24 88 95 11 48 80 98 49 82 92 65 2 56 33 86 94 84 30 77 88 53 6 74 18 12 74 16 97 20 31 6 96 71 53 59 20 85 57 21 20 1 39 22 9 72 60 55 8 91 85 48 96 91 22 67 3 49 
35 52 21 18 11 17 90 64 28 62 50 38 35 22 39 74 44 1 98 5 56 6 48 93 55 96 84 77 63 39 78 98 92 99 17 3 68 59 19 97 73 21 35 8 43 26 35 88 27 33 45 36 40 93 29 47 89 14 76 5 5 55 55 97 6 24 52 75 35 72 72 8 93 59 69 37 85 4 77 65 37 22 1 29 67 82 28 8 48 5 13 54 12 21 3 18 45 56 93 81 
28 17 41 73 76 10 62 14 14 39 79 4 13 32 85 32 14 14 41 15 71 6 69 35 27 72 53 25 28 99 58 8 68 99 34 45 10 96 11 76 88 90 80 53 74 18 86 88 32 79 55 55 85 24 90 65 49 95 90 29 46 48 38 15 47 24 12 9 72 23 86 12 65 18 18 39 36 4 79 20 35 35 75 20 11 17 37 60 65 27 90 11 27 80 78 27 4 90 36 28 
65 74 41 30 93 59 21 81 15 53 2 50 40 29 22 51 47 60 12 64 39 54 75 67 34 54 46 90 96 82 70 62 9 63 44 2 22 18 83 89 71 37 91 63 67 66 14 66 78 78 30 17 32 57 36 18 63 82 60 12 17 31 74 26 94 70 80 69 40 15 58 11 53 2 74 72 68 41 90 98 19 72 15 4 29 4 22 45 86 83 57 55 66 83 33 60 5 13 29 46 
81 40 9 86 42 36 58 62 77 0 60 48 72 27 4 53 31 27 50 70 62 7 25 28 42 11 40 48 24 70 46 57 10 55 43 4 91 53 18 20 53 30 69 77 9 73 31 41 52 81 63 66 41 40 46 83 51 87 83 28 9 29 85 71 37 29 75 28 34 45 1 88 27 70 17 36 95 48 29 0 82 92 66 23 33 13 58 36 52 94 64 61 75 50 32 12 31 59 93 17 
56 94 57 83 16 75 19 63 23 49 63 5 93 82 80 26 47 39 15 99 33 79 12 60 81 44 73 64 55 18 82 11 64 39 94 80 14 65 43 90 14 59 95 8 41 28 86 88 19 1 39 4 33 51 64 14 47 89 79 2 7 13 13 71 52 59 3 67 24 47 57 91 58 4 99 99 32 37 39 51 91 78 55 24 81 72 38 28 61 69 82 69 82 95 40 35 6 44 54 82 
43 63 73 53 67 24 52 52 62 43 55 53 73 63 29 54 35 19 82 48 89 16 17 23 63 10 10 69 6 64 51 1 79 77 54 99 1 58 51 15 53 58 20 26 73 49 80 60 69 14 9 58 30 26 33 93 88 44 14 46 60 17 47 40 94 53 39 96 63 42 11 16 0 32 42 26 33 74 86 2 40 95 12 22 74 46 67 14 42 81 61 2 99 60 94 93 14 33 41 29 
75 53 46 28 37 40 54 70 67 92 25 7 88 37 30 62 83 97 28 25 31 89 80 30 50 74 75 16 60 17 45 87 22 43 15 11 36 21 33 3 14 58 10 54 96 92 68 31 42 96 9 73 86 89 55 88 63 82 56 23 51 53 11 25 97 78 36 33 52 70 36 18 28 98 24 24 43 92 8 85 88 17 10 26 6 17 66 21 99 22 97 3 76 60 28 25 90 65 10 42 
87 98 12 15 96 36 92 39 28 0 76 69 17 86 47 75 55 14 96 55 88 93 10 64 5 38 41 96 3 51 38 90 49 3 58 98 39 2 89 20 2 66 41 71 4 88 46 60 54 94 67 43 40 77 59 45 67 1 41 23 4 32 65 54 35 23 4 26 25 93 46 79 59 87 2 16 76 0 28 82 47 95 25 87 24 85 32 91 38 26 14 42 58 80 48 45 55 52 71 33 
46 18 12 57 57 67 25 85 67 53 68 66 48 45 53 24 30 38 16 20 64 82 15 74 14 63 19 70 16 42 3 14 12 67 23 70 86 49 7 6 2 75 72 3 21 26 27 3 16 95 76 32 30 91 6 44 54 77 66 22 71 21 36 84 89 12 6 27 61 13 33 15 41 6 18 14 84 98 69 0 45 45 32 75 36 90 72 91 19 38 65 90 12 2 26 1 66 32 80 27 
98 14 94 39 72 13 53 56 63 22 8 8 68 92 36 56 82 60 47 53 50 13 43 62 67 70 15 85 54 96 12 52 10 58 43 82 71 96 90 86 71 98 47 91 90 83 47 24 43 47 77 45 12 72 8 31 94 23 16 1 19 80 53 81 38 49 15 62 45 5 48 68 55 95 11 45 30 11 21 25 10 50 71 22 75 79 5 21 54 21 22 26 53 28 59 43 77 75 5 74 
80 6 43 36 53 6 33 84 17 55 61 27 57 32 1 32 63 6 54 70 79 28 96 84 56 7 28 33 82 85 8 63 43 3 51 97 9 84 33 79 91 94 58 1 79 12 85 94 70 39 64 2 20 12 86 76 20 66 10 54 52 70 17 47 25 20 44 34 57 29 65 48 76 76 1 55 88 87 1 58 78 18 60 98 82 99 75 2 65 37 9 69 7 26 17 32 99 13 18 56 
43 36 56 71 12 58 78 52 45 79 10 75 97 23 74 80 22 49 34 39 38 43 9 97 22 78 81 21 91 51 29 86 87 85 57 51 95 35 3 92 67 66 68 64 89 42 96 63 43 83 2 33 26 63 30 0 41 11 73 33 62 2 71 2 40 81 53 35 68 9 80 35 75 48 52 16 42 48 31 37 31 33 70 10 97 52 62 90 63 36 75 77 90 47 79 82 80 33 70 48 
94 50 84 69 50 36 37 92 36 68 81 20 1 3 30 50 55 44 93 18 80 68 47 23 67 27 5 47 12 75 96 6 77 80 27 27 16 64 71 4 32 52 24 85 55 54 36 10 51 29 80 83 49 28 6 17 7 64 64 71 91 60 77 69 92 4 96 60 20 20 65 52 72 89 37 80 96 25 42 47 6 23 30 56 3 89 73 10 53 37 81 96 50 10 65 42 66 14 3 86 
86 68 90 58 9 27 90 5 53 33 4 59 56 35 67 11 76 40 21 81 30 54 77 80 16 95 22 82 9 77 20 95 97 10 5 7 89 96 64 94 29 69 6 37 56 73 48 32 14 21 13 44 27 90 76 43 37 98 25 98 28 97 93 25 7 51 32 96 99 97 43 80 18 49 17 74 22 17 6 36 90 71 32 17 13 8 60 51 59 37 49 87 34 95 64 93 98 49 41 97 
98 84 77 16 33 46 90 56 15 48 44 5 71 77 22 84 37 82 87 96 71 37 35 5 84 52 50 82 1 91 79 99 76 8 67 61 6 57 17 21 57 14 26 28 43 0 64 80 34 52 29 5 89 16 62 25 68 12 7 21 55 38 72 83 46 39 45 4 48 14 25 5 28 3 85 71 55 50 4 89 2 85 46 43 53 60 68 74 24 27 95 79 65 68 63 63 7 60 67 56 
74 44 13 3 99 99 26 54 1 82 95 55 19 93 50 73 53 70 47 29 97 42 8 62 62 23 77 22 83 96 30 10 40 43 65 91 94 43 45 95 26 92 50 97 85 0 70 90 70 17 19 19 12 79 33 26 55 10 48 90 6 78 0 98 74 65 89 68 9 86 64 87 78 66 84 15 19 7 57 41 76 28 61 88 8 46 67 15 57 15 5 15 46 6 14 20 23 55 88 84 
42 4 23 20 23 60 88 42 67 45 35 43 74 48 84 34 95 51 49 52 18 6 19 64 12 33 36 88 89 25 24 31 81 48 3 4 8 43 98 75 41 34 18 15 34 54 1 29 5 2 81 24 8 53 40 73 86 77 61 27 54 37 10 35 85 66 92 93 9 90 20 50 76 91 17 11 45 70 40 3 72 74 79 33 27 19 6 65 96 19 45 2 56 55 38 94 73 30 87 35 
72 60 85 1 51 55 64 48 25 56 51 50 30 30 83 9 2 41 75 50 60 72 53 68 27 43 62 53 25 2 88 97 62 25 50 65 32 14 13 10 71 17 60 53 99 95 63 53 36 90 4 96 62 57 64 41 52 27 94 77 29 34 74 43 60 77 8 44 91 73 54 14 42 14 68 94 9 83 47 45 73 51 93 87 60 10 28 12 89 75 89 70 61 16 13 73 45 73 18 36 
46 72 3 41 39 71 35 48 54 82 46 79 86 91 66 98 1 46 63 90 73 4 60 87 72 25 60 17 98 30 6 97 3 9 38 94 32 25 42 86 59 40 17 45 32 35 96 85 33 59 28 59 63 88 46 36 66 58 53 64 89 59 61 44 20 51 38 52 76 32 90 36 73 7 33 57 94 29 94 28 40 22 87 4 63 33 40 29 43 45 93 32 5 7 28 77 58 66 30 87 
99 20 23 24 80 8 33 74 90 27 2 30 2 41 34 65 26 26 94 70 72 39 54 29 46 83 6 57 49 36 44 0 9 19 76 89 27 9 63 17 89 18 48 91 59 34 56 86 61 2 8 33 93 62 14 40 45 20 49 47 9 93 47 18 64 24 59 91 85 74 61 74 92 61 17 4 95 25 42 56 27 2 41 21 64 55 13 10 28 62 9 37 7 56 7 71 32 66 14 70 
40 75 96 85 36 14 41 84 39 35 92 19 37 86 92 1 41 5 63 21 19 72 58 78 29 17 1 13 83 15 83 76 43 32 61 79 46 54 15 37 89 8 8 26 94 0 27 87 57 43 9 28 15 19 6 96 37 7 62 72 75 45 48 18 29 61 49 75 15 65 65 4 25 73 82 71 26 62 58 83 5 19 12 20 91 70 69 28 30 31 0 5 28 1 75 58 62 24 85 78 
41 50 34 66 76 17 37 2 79 48 85 36 19 49 56 10 72 77 38 54 8 91 11 89 92 86 47 6 10 84 36 4 87 71 70 63 40 60 65 71 60 2 7 79 4 15 90 28 93 80 82 53 71 93 42 15 79 41 74 41 26 10 45 65 33 68 28 73 80 45 44 40 47 51 19 3 19 9 31 12 90 13 65 13 58 60 81 37 53 55 31 31 17 28 96 51 48 24 24 28 
69 21 20 69 24 40 72 43 1 56 55 43 69 73 57 80 85 90 69 38 45 0 22 62 81 18 13 81 95 90 10 16 11 82 37 87 22 62 31 76 18 38 19 39 63 76 19 48 66 89 39 63 41 61 78 22 31 91 4 78 33 66 47 96 48 84 84 23 46 15 99 64 53 18 56 17 47 75 17 65 64 8 29 6 21 7 80 53 50 36 83 36 2 30 32 3 15 16 26 13 
83 77 30 89 47 86 58 94 61 27 60 78 36 41 84 57 48 16 62 50 53 98 86 7 28 71 10 95 39 88 9 75 65 39 64 65 77 74 59 38 1 71 16 37 12 52 47 12 69 9 15 22 7 1 81 88 24 92 83 64 32 44 39 50 35 55 15 12 29 74 3 30 98 71 20 10 24 19 23 45 28 38 19 88 91 0 76 68 92 11 32 77 8 23 27 95 78 42 60 59 
68 63 41 66 34 13 29 10 32 4 55 61 94 74 1 37 75 29 5 19 92 89 96 0 12 75 48 42 17 8 1 38 71 95 56 57 8 37 68 41 41 23 54 35 98 55 25 25 84 30 44 28 20 93 29 84 68 29 27 38 37 80 28 60 75 84 17 84 74 37 25 15 61 79 3 11 86 28 88 22 58 84 50 30 77 31 15 46 60 94 36 97 74 64 9 50 0 27 86 74 
64 63 42 77 42 45 40 80 73 80 2 83 65 4 66 42 36 81 40 48 75 76 98 49 92 7 51 93 34 89 19 51 52 61 80 46 6 73 26 31 53 28 67 70 85 33 13 21 66 5 69 41 34 67 42 26 75 46 71 61 35 43 64 88 4 97 34 63 22 13 46 27 41 13 98 78 98 63 99 64 68 21 57 54 40 52 81 67 98 4 81 85 47 45 25 4 94 60 67 16 
73 65 44 66 31 42 45 29 57 96 46 25 17 3 80 58 7 13 77 5 69 58 43 69 4 68 73 50 28 92 67 53 57 63 72 88 57 69 70 14 65 16 91 35 71 23 45 79 88 22 36 58 81 79 27 37 48 0 39 28 44 58 34 1 21 6 42 30 27 12 96 44 80 88 31 3 63 76 82 52 51 19 10 84 50 89 73 98 41 12 79 85 71 13 38 92 71 32 75 50 
44 71 94 76 59 26 80 75 54 14 27 5 33 89 89 36 78 62 86 71 75 65 8 98 30 46 90 1 79 17 51 75 89 98 52 0 24 84 75 78 98 2 36 84 91 77 20 21 92 58 44 19 24 52 17 54 99 59 8 30 77 11 5 66 9 9 66 85 45 42 16 44 96 4 80 40 81 52 13 73 10 58 92 34 10 9 41 9 69 1 39 98 12 97 64 74 6 82 11 4 
76 27 48 73 31 80 13 65 32 78 38 94 36 83 81 47 44 22 8 13 23 48 11 87 97 27 61 55 10 73 59 86 52 59 11 36 39 76 1 23 55 91 18 91 74 99 38 19 73 47 84 96 47 48 35 96 27 97 51 37 22 11 76 26 22 39 62 62 16 15 37 71 59 7 14 85 6 53 56 79 52 93 27 51 41 63 47 20 12 50 58 34 13 86 12 36 25 27 50 93 
42 87 64 53 95 79 39 53 84 95 85 88 88 64 39 81 27 38 2 91 88 12 25 2 50 90 90 75 17 40 69 59 79 85 13 26 16 4 32 0 99 17 40 40 81 79 21 61 69 23 52 10 87 30 64 37 20 54 65 37 46 34 48 77 71 13 4 88 17 36 40 69 5 81 9 38 12 82 99 34 58 52 44 45 34 8 83 54 14 48 43 60 34 91 37 57 5 93 45 74 
81 38 43 38 19 4 77 83 87 76 17 45 80 61 42 14 21 25 20 35 25 63 47 11 55 85 69 12 30 66 38 12 56 34 50 27 38 79 11 77 56 80 22 88 42 65 3 15 42 23 51 20 87 98 31 94 35 52 58 66 71 96 30 27 30 32 55 21 12 18 98 20 98 73 8 92 90 63 8 84 39 11 4 78 9 88 72 97 92 82 15 63 78 97 43 61 29 50 34 93 
20 84 13 18 57 74 11 99 37 71 84 76 82 88 54 43 76 78 40 21 60 7 84 91 4 79 4 86 81 90 79 1 74 45 20 84 19 83 83 8 6 67 37 88 8 43 83 36 22 76 57 34 83 94 77 40 73 81 26 7 23 57 8 98 2 80 82 73 15 17 34 21 85 71 61 93 14 45 29 88 73 39 75 56 33 52 48 58 86 74 65 9 32 26 59 86 6 93 12 74 
11 46 95 48 17 9 93 83 6 74 24 79 13 51 87 46 3 36 57 41 62 74 3 46 0 14 33 59 8 45 33 71 43 80 19 60 41 12 95 47 86 71 78 52 22 66 50 78 54 7 71 16 82 74 15 34 41 48 93 49 45 78 72 88 11 91 0 52 55 47 0 93 71 30 45 93 48 96 23 2 55 95 71 89 21 86 24 62 86 69 63 31 48 87 71 11 78 23 63 85 
70 15 79 41 46 76 87 94 72 10 97 80 57 20 69 31 6 45 45 44 15 9 27 15 48 98 26 27 73 89 64 95 5 95 89 3 72 76 97 96 38 46 76 48 66 98 79 24 43 24 68 58 85 95 25 34 45 3 13 18 93 77 14 50 25 3 53 49 31 50 45 69 49 74 17 15 72 48 40 67 73 8 78 10 56 3 44 1 7 9 20 52 39 34 54 64 89 7 13 20 
9 10 89 58 84 59 26 8 59 66 28 32 26 6 95 82 61 39 84 20 49 56 24 88 42 78 4 31 37 17 51 99 27 92 9 64 3 35 24 63 53 52 47 32 10 42 14 72 82 50 44 83 6 69 23 48 47 27 79 37 96 82 36 75 75 97 39 30 85 16 93 38 68 41 70 79 83 37 3 17 39 47 52 46 16 75 46 16 54 78 5 2 60 93 78 87 90 69 18 75 
85 63 66 6 4 36 37 40 25 40 9 65 39 62 63 8 89 9 76 96 87 81 98 0 74 76 87 64 98 57 92 83 21 58 41 25 46 78 17 72 70 27 89 10 41 52 18 82 13 46 78 1 27 77 1 53 5 40 69 3 98 61 39 19 71 80 96 18 59 14 42 29 93 83 91 86 87 61 68 0 7 47 53 86 76 6 39 81 47 61 37 45 74 76 64 46 8 12 16 19 
26 58 49 71 41 92 57 28 54 26 80 13 25 34 52 1 40 43 34 87 4 71 84 79 99 0 77 8 13 93 27 91 51 28 63 44 73 72 24 79 50 4 92 75 90 44 76 31 88 63 70 44 34 55 23 86 55 0 46 20 93 73 12 96 54 27 92 27 51 16 58 2 73 50 29 63 47 6 46 87 21 17 31 55 24 55 93 31 7 39 52 53 65 16 49 19 95 42 98 98 
10 56 0 83 58 30 99 57 88 45 44 9 14 76 16 90 83 62 22 90 1 26 43 66 94 45 37 41 87 35 39 49 43 92 85 54 74 84 11 14 81 56 75 48 32 43 38 15 5 60 57 7 38 1 73 32 98 11 73 37 98 13 86 94 57 71 48 31 7 11 45 89 19 72 37 3 15 27 18 21 88 28 28 26 81 53 11 79 64 84 16 15 49 54 9 6 26 9 89 33 
72 86 74 92 58 63 95 74 91 66 95 31 94 75 9 27 28 20 6 45 57 74 60 6 28 21 65 54 82 54 40 54 93 66 46 51 30 94 25 73 12 72 4 6 47 13 33 76 86 91 21 43 65 33 49 93 54 66 0 36 73 40 42 66 58 41 17 88 35 95 61 99 67 17 5 67 83 90 95 69 33 68 12 98 1 13 43 7 32 43 95 5 35 37 71 94 78 88 34 65 
35 48 64 3 65 21 70 48 63 65 17 96 33 81 46 86 95 42 93 27 37 88 84 73 77 55 19 8 95 5 25 31 53 90 86 19 63 8 67 79 73 37 75 58 18 74 96 65 16 89 44 53 29 28 78 6 35 49 14 31 55 92 14 8 82 0 79 97 8 99 76 33 36 4 43 6 30 39 24 46 28 68 51 9 49 82 67 84 31 34 67 38 26 81 99 8 81 78 57 41 
77 86 74 65 90 17 72 20 56 96 18 36 16 21 45 65 55 65 2 87 99 69 77 25 51 76 85 84 55 42 26 84 28 52 50 70 22 22 42 78 70 12 67 86 86 64 4 41 29 6 80 28 27 58 53 30 86 38 15 41 33 93 78 13 45 28 84 67 2 78 98 24 91 17 10 77 81 66 70 63 24 51 91 52 61 97 82 47 87 49 41 72 42 19 86 40 99 22 59 1 
0 9 25 91 78 87 20 60 54 91 75 30 94 66 82 55 15 17 54 55 66 95 27 61 14 13 53 13 35 64 66 36 26 43 79 4 31 52 16 37 95 91 67 89 10 2 96 25 19 50 80 37 46 8 50 12 21 3 78 9 20 44 45 98 40 76 2 71 28 19 60 75 10 79 64 72 81 12 98 52 15 30 90 61 38 92 25 12 48 55 73 68 52 70 66 92 46 20 63 27 
39 75 2 2 54 19 26 36 83 24 40 98 55 82 11 45 75 37 9 23 92 82 43 44 52 61 88 51 81 51 30 73 78 32 27 33 3 53 21 87 78 61 85 85 96 97 82 71 86 44 46 30 78 89 75 83 50 63 34 83 67 64 56 45 48 83 30 52 37 51 39 67 65 76 4 61 73 38 84 59 82 30 90 61 71 17 96 73 32 82 56 51 46 13 49 46 48 79 98 37 
83 89 56 48 66 60 9 91 99 93 51 33 75 93 46 46 62 42 19 94 24 75 98 22 40 47 69 89 78 19 78 61 61 35 9 27 95 70 18 46 15 21 32 90 66 78 88 28 73 7 75 49 35 73 72 75 20 93 16 98 64 95 12 25 30 21 4 77 44 75 76 59 96 8 2 15 86 90 43 11 50 18 61 85 91 85 12 63 30 81 14 46 28 26 72 58 99 28 87 43 
3 63 55 52 71 57 67 10 47 62 21 97 81 34 34 24 71 99 40 1 80 6 0 8 32 72 18 83 52 5 27 8 21 82 12 92 91 79 54 38 41 28 88 74 62 74 51 86 73 91 39 5 97 39 13 81 63 83 64 16 41 43 76 62 77 88 6 68 67 61 59 60 89 99 87 3 73 38 41 99 29 81 4 78 20 70 59 84 53 75 52 46 71 28 8 48 16 67 69 35 
28 28 47 69 79 34 24 52 72 66 51 53 47 56 31 19 26 42 55 31 18 7 78 89 87 38 89 55 5 58 90 85 38 38 54 17 24 31 22 97 97 73 2 96 81 34 15 59 28 23 91 46 30 21 87 70 59 29 25 17 39 68 2 30 58 9 47 82 40 21 31 37 95 34 85 28 20 0 88 48 23 31 47 6 4 86 28 63 15 5 32 55 73 35 85 31 44 84 66 36 
6 97 25 53 83 10 81 3 62 21 52 38 4 51 96 8 37 24 24 53 29 56 60 3 43 97 86 87 33 52 75 39 2 0 44 85 62 26 89 25 99 93 63 4 44 59 12 33 35 36 86 64 93 98 19 36 95 58 76 81 62 3 20 64 4 65 50 66 43 91 43 42 36 6 46 32 17 11 65 52 47 4 69 92 2 40 81 50 98 9 31 61 12 3 77 16 68 79 35 63 
70 30 6 58 89 4 90 6 15 56 11 15 60 32 59 14 72 40 64 23 49 47 84 62 51 13 30 71 93 17 87 63 48 93 22 37 49 64 95 17 20 58 84 32 90 43 47 15 84 11 38 85 11 74 47 14 87 30 85 80 47 72 96 95 17 70 84 19 34 80 88 7 38 72 39 29 15 86 96 51 50 34 37 61 60 36 75 47 66 12 80 66 37 28 61 54 98 98 25 84 
78 13 91 68 37 83 49 5 69 45 56 71 31 45 84 91 82 59 91 0 24 23 66 61 51 80 67 1 78 45 85 8 58 29 76 96 64 78 1 33 23 9 57 55 55 41 98 89 53 89 41 77 12 60 90 15 40 9 16 70 54 54 30 13 35 58 61 99 36 14 84 12 23 41 19 30 83 17 71 36 59 13 65 23 73 55 39 65 16 7 87 71 61 17 36 48 27 49 47 64 
63 32 76 38 73 47 21 56 64 92 44 75 57 9 99 82 16 90 99 33 49 86 4 11 55 92 59 83 41 59 99 4 91 27 42 64 74 15 73 38 8 17 66 17 79 65 0 95 7 51 28 56 38 84 19 45 76 31 28 17 90 79 73 81 6 16 97 80 83 70 71 91 40 37 61 19 2 61 14 61 64 95 17 2 79 37 0 56 20 28 73 10 8 47 91 66 15 40 47 50 
63 18 42 3 55 3 22 9 16 88 70 80 83 39 35 15 28 35 71 48 15 96 58 75 95 1 42 62 42 89 13 5 59 7 60 66 62 34 75 78 22 97 10 58 36 97 73 17 84 96 65 52 92 76 27 40 77 21 2 71 62 67 28 21 74 40 87 36 74 14 66 49 11 29 59 0 78 32 17 63 80 34 15 24 10 94 64 88 68 19 11 30 38 40 4 13 80 43 1 7 
58 20 56 21 49 15 21 79 99 90 94 31 25 61 55 35 56 72 75 24 43 87 6 81 79 10 46 11 54 48 70 64 68 26 85 69 93 59 0 44 49 95 75 74 56 83 62 64 55 37 88 98 76 47 79 55 57 26 19 63 26 89 79 46 68 65 67 13 24 67 58 25 62 85 0 19 68 14 83 75 51 24 73 28 23 5 35 80 83 6 96 9 96 75 7 64 92 74 77 68 
41 87 94 4 73 46 75 93 60 10 69 11 34 94 91 57 99 79 90 34 85 38 95 81 65 2 97 58 76 27 26 70 66 20 74 91 18 1 85 78 11 6 42 98 0 33 7 52 12 49 86 98 87 82 31 53 36 81 63 13 8 41 83 74 62 9 66 32 10 3 11 73 9 53 71 9 38 79 13 3 28 0 53 68 34 84 73 70 65 36 83 25 29 18 52 43 79 70 76 41 
73 87 15 34 92 38 95 30 69 9 33 98 61 38 18 95 23 91 65 40 79 1 18 8 71 70 52 51 92 28 92 65 67 59 51 59 98 46 89 67 55 75 17 68 13 87 63 88 78 29 81 9 82 99 70 53 21 74 56 13 2 1 30 21 60 81 80 10 79 21 78 87 48 47 55 62 35 19 2 65 0 35 27 82 86 97 87 7 71 44 72 25 45 54 46 57 87 26 68 67 
